200300
200338
200293
200325
200302
200293
200322
200310
200323
200364
200300
200325
200396
200356
200323
200314
200302
200323
200331
200290
200376
200328
200305
200356
200278
200342
200304
200352
200338
200312
200296
200344
200296
200343
200331
200329
200316
200343
200334
200366
200321
200304
200345
200339
200297
200306
200318
200297
200317
200281
200322
200293
200319
200328
200335
200315
200299
200334
200378
200323
200324
200337
200347
200300
200309
200357
200324
200354
200297
200334
200302
200313
200335
200302
200319
200324
200333
200331
200291
200359
200300
200337
200318
200324
200315
200328
200329
200346
200324
200292
200331
200294
200362
200298
200325
200298
200334
200328
200309
200326
200327
200299
200334
200395
200298
200330
200283
200323
200336
200317
200314
200333
200314
200273
200305
200397
200350
200306
200299
200311
200355
200315
200361
200342
200327
200333
200309
200341
200322
200349
200335
200315
200289
200342
200333
200339
200334
200319
200342
200314
200324
200307
200363
200342
200334
200322
200304
200349
200326
200279
200299
200333
200327
200320
200302
200301
200334
200328
200328
200289
200304
200349
200301
200304
200298
200361
200320
200380
200287
200348
200314
200297
200314
200353
200298
200317
200372
200319
200356
200331
200299
200393
200298
200311
200314
200298
200326
200324
200294
200337
200453
200343
200334
200308
200307
200336
200322
200320
200370
200287
200312
200339
200369
200306
200315
200317
200306
200268
200287
200336
200308
200349
200285
200281
200310
200352
200296
200336
200291
200308
200342
200325
200325
200307
200286
200318
200325
200314
200391
200316
200293
200313
200297
200404
200289
200330
200328
200361
200347
200311
200323
200296
200344
200315
200341
200434
200296
200321
200339
200377
200305
200343
200300
200334
200335
200325
200321
200298
200279
200271
200298
200296
200284
200300
200294
200325
200269
200306
200325
200314
200292
200371
200306
200320
200316
200301
200337
200306
200319
200311
200318
200293
200277
200324
200384
200309
200368
200308
200334
200357
200307
200337
200305
200342
200289
200289
200319
200291
200314
200307
200319
200322
200378
200320
200310
200324
200299
200354
200339
200324
200338
200324
200291
200350
200306
200326
200298
200343
200305
200322
200312
200306
200316
200299
200318
200300
200364
200337
200333
200328
200282
200292
200348
200291
200312
200281
200323
200315
200283
200346
200341
200341
200319
200347
200349
200331
200318
200337
200306
200345
200310
200299
200318
200338
200346
200275
200309
200350
200336
200332
200354
200322
200345
200343
200357
200289
200338
200322
200324
200324
200311
200300
200302
200372
200393
200348
200338
200337
200306
200328
200295
200315
200308
200321
200347
200319
200325
200320
200309
200313
200328
200370
200346
200322
200340
200327
200306
200310
200329
200330
200310
200352
200331
200343
200301
200287
200336
200316
200306
200315
200341
200275
200393
200305
200326
200283
200325
200326
200322
200296
200327
200325
200322
200311
200301
200297
200324
200353
200313
200336
200335
200307
200313
200283
200303
200329
200292
200316
200327
200312
200313
200313
200303
200321
200326
200385
200308
200349
200311
200314
200337
200310
200313
200318
200366
200321
200354
200306
200316
200335
200319
200315
200312
200297
200419
200302
200334
200327
200306
200297
200361
200309
200297
200327
200320
200312
200385
200334
200353
200372
200349
200357
200310
200298
200312
200329
200324
200296
200306
200296
200311
200301
200343
200318
200309
200307
200291
200348
200340
200304
200319
200304
200330
200292
200323
200373
200322
200381
200302
200458
200336
200299
200348
200314
200326
200282
200339
200321
200347
200314
200342
200288
200312
200317
200358
200321
200318
200297
200302
200320
200330
200340
200271
200368
200352
200317
200320
200280
200326
200282
200309
200297
200303
200317
200339
200323
200279
200381
200369
200342
200348
200348
200293
200317
200263
200332
200308
200299
200370
200300
200353
200356
200353
200320
200311
200351
200321
200333
200331
200324
200306
200309
200325
200311
200355
200313
200310
200354
200353
200321
200387
200317
200323
200290
200311
200327
200338
200364
200362
200331
200352
200396
200351
200304
200354
200287
200357
200308
200334
200338
200327
200306
200279
200310
200324
200376
200346
200290
200306
200291
200346
200315
200364
200352
200369
200319
200334
200308
200300
200332
200323
200325
200320
200324
200410
200295
200281
200275
200325
200345
200298
200286
200310
200318
200315
200340
200364
200350
200314
200302
200318
200348
200331
200317
200379
200372
200331
200323
200282
200332
200298
200329
200326
200344
200282
200324
200306
200311
200363
200310
200332
200289
200321
200308
200352
200332
200354
200356
200317
200320
200340
200318
200325
200290
200328
200322
200332
200324
200295
200295
200317
200366
200325
200331
200316
200307
200306
200281
200395
200347
200310
200364
200295
200301
200368
200314
200388
200305
200323
200285
200304
200302
200349
200313
200340
200335
200296
200331
200333
200327
200285
200316
200303
200319
200283
200312
200277
200330
200338
200396
200342
200359
200323
200320
200302
200310
200264
200344
200299
200306
200343
200325
200308
200316
200368
200317
200313
200290
200309
200311
200269
200282
200329
200312
200264
200312
200283
200295
200287
200303
200317
200311
200314
200350
200305
200302
200304
200299
200330
200304
200360
200353
200310
200344
200324
200305
200296
200308
200308
200296
200339
200324
200349
200302
200358
200359
200316
200318
200329
200340
200339
200287
200310
200376
200293
200312
200299
200325
200307
200304
200326
200317
200349
200332
200347
200326
200306
200288
200335
200314
200291
200344
200327
200341
200310
200370
200327
200338
200307
200339
200321
200395
200350
200339
200300
200347
200325
200329
200395
200316
200329
200296
200340
200355
200356
200309
200315
200388
200308
200303
200307
200292
200343
200303
200343
200340
200322
200353
200307
200317
200367
200333
200313
200286
200326
200303
200300
200325
200303
200302
200315
200379
200313
200300
200324
200342
200301
200299
200335
200368
200311
200344
200309
200332
200345
200317
200326
200301
200298
200308
200321
200318
200382
200308
200294
200361
200363
200303
200330
200327
200328
200328
200338
200344
200358
200277
200310
200301
200350
200337
200390
200292
200324
200328
200383
200377
200356
200299
200320
200298
200371
200382
200291
200336
200344
200323
200308
200322
200291
200315
200342
200301
200345
200354
200277
200312
200342
200334
200369
200336
200289
200307
200356
200322
200301
200307
200352
200295
200298
200324
200315
200307
200309
200331
200312
200345
200340
200358
200288
200304
200322
200313
200287
200333
200310
200323
200328
200359
200340
200311
200304
200292
200305
200303
200295
200309
200261
200312
200325
200331
200309
200327
200409
200310
200335
200348
200291
200318
200311
200313
200349
200301
200380
200339
200312
200315
200292
200301
200353
200332
200353
200378
200307
200313
200313
200361
200313
200330
200292
200348
200328
200294
200330
200305
200323
200305
200294
200375
200287
200341
200309
200369
200308
200306
200366
200294
200324
200319
200323
200289
200318
200314
200354
200306
200338
200322
200394
200335
200336
200360
200323
200311
200311
200339
200336
200307
200319
200305
200297
200336
200319
200341
200289
200310
200345
200321
200326
200288
200309
200323
200325
200329
200324
200311
200385
200306
200315
200301
200332
200306
200323
200304
200329
200303
200312
200321
200289
200307
200290
200295
200294
200300
200325
200332
200314
200314
200303
200292
200353
200313
200288
200326
200325
200292
200329
200286
200325
200294
200350
200330
200367
200311
200313
200306
200300
200325
200319
200339
200318
200331
200297
200356
200348
200306
200322
200340
200348
200302
200314
200415
200375
200365
200311
200292
200316
200292
200410
200355
200322
200318
200312
200348
200380
200303
200304
200315
200316
200312
200368
200289
200404
200331
200283
200330
200325
200296
200302
200308
200306
200291
200353
200298
200339
200316
200279
200390
200309
200317
200293
200287
200307
200283
200274
200319
200314
200315
200317
200317
200362
200314
200281
200334
200350
200333
200316
200307
200324
200308
200365
200311
200324
200332
200299
200346
200352
200286
200287
200341
200339
200317
200340
200334
200297
200331
200315
200319
200331
200288
200327
200304
200365
200339
200304
200342
200325
200316
200345
200354
200316
200338
200317
200289
200347
200314
200309
200315
200331
200364
200336
200288
200319
200317
200334
200333
200344
200299
200282
200323
200331
200293
200312
200288
200308
200329
200333
200389
200347
200367
200347
200278
200364
200367
200343
200349
200316
200308
200341
200300
200328
200307
200315
200329
200292
200390
200337
200291
200315
200307
200358
200326
200292
200332
200344
200345
200314
200334
200327
200328
200322
200299
200312
200338
200312
200282
200361
200357
200330
200281
200328
200331
200322
200334
200286
200315
200341
200314
200304
200335
200296
200342
200309
200281
200318
200320
200343
200324
200294
200303
200292
200344
200306
200335
200288
200335
200351
200375
200354
200320
200324
200309
200346
200332
200305
200322
200337
200348
200319
200298
200294
200348
200338
200302
200315
200343
200325
200323
200302
200341
200326
200311
200307
200302
200336
200336
200343
200309
200340
200302
200357
200351
200353
200353
200380
200346
200305
200303
200308
200308
200281
200330
200307
200298
200307
200347
200292
200443
200298
200300
200303
200349
200325
200319
200311
200333
200320
200328
200314
200331
200339
200355
200304
200297
200290
200332
200333
200322
200323
200365
200351
200293
200349
200313
200340
200334
200298
200313
200314
200368
200310
200301
200325
200355
200294
200331
200297
200336
200311
200356
200299
200321
200307
200335
200291
200303
200363
200309
200316
200335
200329
200351
200318
200387
200362
200347
200302
200284
200317
200367
200328
200345
200292
200337
200342
200284
200335
200295
200342
200293
200354
200279
200333
200305
200326
200329
200323
200301
200368
200356
200297
200318
200289
200330
200296
200315
200324
200342
200368
200330
200290
200294
200326
200310
200348
200307
200319
200385
200330
200329
200295
200346
200322
200337
200312
200341
200332
200301
200297
200334
200344
200356
200264
200378
200332
200312
200333
200329
200300
200277
200313
200308
200285
200300
200310
200312
200293
200314
200320
200322
200309
200322
200358
200315
200314
200349
200330
200302
200338
200313
200280
200305
200301
200373
200340
200363
200345
200318
200315
200311
200373
200333
200328
200313
200327
200333
200280
200279
200356
200366
200347
200328
200332
200304
200332
200307
200312
200336
200329
200313
200316
200336
200321
200366
200337
200301
200381
200322
200318
200296
200331
200350
200299
200338
200299
200314
200350
200329
200310
200334
200352
200345
200305
200324
200314
200302
200341
200287
200304
200330
200353
200326
200328
200325
200346
200319
200311
200313
200338
200308
200301
200326
200324
200280
200299
200303
200366
200279
200309
200302
200300
200304
200300
200367
200314
200316
200301
200333
200304
200305
200345
200351
200294
200346
200332
200296
200332
200314
200303
200300
200365
200426
200312
200301
200327
200304
200350
200376
200334
200310
200322
200307
200330
200359
200300
200334
200326
200352
200346
200295
200304
200343
200316
200337
200324
200274
200322
200316
200335
200294
200323
200289
200315
200377
200294
200339
200293
200329
200430
200316
200334
200303
200320
200279
200345
200314
200313
200310
200351
200318
200332
200319
200310
200369
200315
200291
200344
200295
200324
200332
200300
200332
200291
200338
200304
200298
200301
200283
200293
200303
200285
200332
200307
200320
200295
200390
200314
200325
200283
200363
200323
200351
200305
200350
200305
200329
200324
200325
200302
200309
200310
200334
200344
200306
200310
200338
200305
200299
200344
200310
200350
200325
200332
200299
200320
200315
200315
200343
200374
200327
200360
200363
200295
200295
200313
200338
200310
200322
200360
200289
200371
200299
200282
200310
200315
200295
200298
200342
200332
200324
200315
200300
200333
200329
200334
200318
200309
200316
200274
200363
200313
200293
200330
200341
200341
200315
200316
200320
200332
200298
200305
200365
200328
200322
200312
200315
200318
200355
200297
200313
200331
200356
200295
200353
200331
200401
200333
200291
200321
200311
200327
200287
200331
200321
200334
200379
200322
200327
200311
200289
200338
200304
200296
200392
200292
200326
200295
200297
200300
200351
200376
200301
200302
200361
200311
200350
200380
200362
200318
200339
200329
200367
200381
200336
200385
200344
200277
200293
200308
200318
200332
200306
200283
200340
200308
200325
200305
200301
200356
200318
200322
200325
200308
200342
200338
200293
200302
200373
200372
200296
200322
200312
200331
200317
200310
200336
200354
200304
200326
200348
200312
200286
200304
200328
200320
200303
200293
200360
200314
200320
200307
200304
200330
200313
200320
200304
200322
200328
200334
200411
200317
200311
200306
200314
200292
200307
200310
200315
200321
200336
200300
200316
200318
200318
200318
200322
200315
200400
200347
200280
200307
200302
200327
200334
200299
200312
200313
200321
200344
200310
200328
200290
200285
200313
200313
200296
200323
200361
200332
200309
200305
200306
200341
200336
200358
200273
200331
200339
200313
200323
200341
200329
200373
200330
200308
200344
200358
200324
200324
200313
200335
200296
200293
200301
200286
200362
200308
200341
200334
200287
200329
200337
200317
200362
200310
200361
200362
200346
200301
200322
200299
200344
200320
200314
200381
200344
200342
200379
200314
200313
200343
200366
200386
200294
200393
200360
200340
200301
200310
200288
200317
200387
200314
200319
200357
200308
200313
200279
200326
200315
200283
200325
200324
200288
200288
200295
200297
200320
200334
200337
200312
200329
200317
200330
200293
200322
200304
200301
200349
200301
200305
200318
200307
200339
200327
200307
200341
200288
200328
200307
200289
200346
200327
200339
200305
200351
200332
200343
200319
200310
200371
200311
200317
200320
200311
200293
200307
200354
200317
200388
200313
200312
200310
200321
200301
200341
200333
200322
200373
200301
200330
200313
200313
200309
200322
200332
200326
200301
200301
200318
200362
200339
200373
200336
200322
200297
200321
200323
200301
200320
200378
200310
200290
200336
200335
200310
200294
200284
200319
200303
200286
200319
200328
200280
200286
200321
200314
200323
200339
200303
200305
200312
200302
200316
200295
200317
200337
200363
200306
200325
200331
200294
200309
200296
200347
200306
200310
200335
200321
200272
200298
200321
200358
200320
200336
200310
200351
200358
200309
200349
200312
200291
200367
200312
200331
200307
200301
200290
200307
200310
200295
200301
200323
200354
200306
200324
200345
200317
200326
200337
200335
200327
200351
200317
200330
200312
200307
200364
200320
200326
200314
200321
200309
200313
200308
200311
200341
200303
200299
200333
200298
200345
200280
200290
200290
200301
200297
200313
200337
200308
200320
200307
200353
200313
200329
200363
200347
200356
200308
200307
200331
200337
200347
200295
200298
200282
200356
200306
200303
200339
200347
200358
200398
200338
200421
200302
200376
200295
200327
200341
200298
200390
200394
200317
200334
200339
200312
200320
200346
200307
200301
200364
200305
200321
200309
200327
200314
200327
200302
200305
200344
200304
200282
200324
200339
200362
200318
200317
200318
200320
200280
200331
200313
200304
200312
200292
200354
200311
200306
200286
200328
200293
200338
200324
200315
200320
200311
200287
200329
200332
200301
200343
200313
200306
200308
200321
200283
200317
200413
200375
200335
200305
200300
200302
200294
200329
200386
200335
200305
200325
200327
200319
200347
200331
200314
200335
200384
200319
200302
200310
200344
200315
200358
200325
200376
200318
200325
200303
200324
200346
200307
200319
200302
200311
200365
200277
200322
200306
200324
200293
200355
200422
200399
200349
200331
200310
200298
200332
200292
200332
200314
200338
200315
200299
200299
200346
200319
200313
200309
200309
200331
200302
200327
200300
200336
200361
200305
200313
200317
200314
200306
200414
200341
200302
200333
200292
200310
200318
200311
200324
200308
200341
200332
200328
200332
200304
200380
200301
200314
200324
200301
200329
200274
200291
200347
200365
200321
200289
200296
200314
200323
200316
200314
200334
200303
200313
200335
200313
200324
200341
200316
200298
200307
200305
200316
200285
200275
200334
200308
200327
200321
200347
200316
200306
200334
200317
200371
200335
200307
200340
200336
200317
200361
200325
200292
200328
200321
200317
200339
200310
200300
200358
200318
200284
200311
200355
200312
200338
200335
200321
200321
200326
200323
200349
200325
200323
200315
200293
200318
200312
200328
200331
200393
200304
200304
200300
200366
200341
200284
200342
200310
200302
200325
200353
200318
200323
200341
200312
200304
200286
200365
200303
200304
200305
200306
200313
200312
200315
200409
200312
200353
200379
200338
200337
200343
200392
200332
200323
200367
200335
200269
200336
200327
200323
200330
200386
200281
200298
200292
200355
200338
200332
200306
200317
200303
200285
200365
200377
200311
200347
200298
200343
200284
200330
200320
200342
200417
200312
200311
200339
200328
200326
200394
200318
200358
200305
200351
200334
200326
200305
200351
200350
200314
200322
200325
200343
200359
200311
200365
200352
200355
200293
200339
200289
200347
200345
200297
200366
200314
200322
200314
200399
200355
200297
200354
200331
200350
200299
200333
200306
200313
200318
200354
200316
200291
200348
200309
200313
200330
200320
200359
200332
200329
200308
200286
200289
200348
200328
200306
200313
200280
200289
200328
200336
200379
200339
200303
200301
200339
200286
200334
200331
200308
200352
200306
200315
200325
200314
200282
200304
200315
200293
200299
200364
200341
200321
200321
200327
200311
200330
200327
200319
200316
200288
200284
200343
200317
200319
200330
200311
200311
200347
200341
200338
200315
200319
200310
200276
200317
200321
200295
200304
200367
200293
200281
200310
200334
200354
200324
200304
200320
200345
200336
200322
200337
200311
200335
200326
200285
200312
200321
200301
200337
200303
200303
200308
200326
200288
200315
200331
200296
200327
200342
200283
200291
200305
200393
200335
200289
200318
200311
200302
200295
200295
200315
200328
200364
200291
200297
200325
200319
200356
200295
200312
200377
200308
200334
200318
200293
200333
200377
200288
200348
200312
200317
200352
200330
200294
200306
200357
200318
200310
200313
200331
200312
200290
200326
200341
200323
200315
200311
200349
200334
200300
200314
200300
200328
200346
200284
200327
200317
200305
200310
200324
200334
200279
200290
200357
200305
200350
200321
200329
200339
200312
200281
200277
200304
200311
200307
200313
200370
200297
200390
200319
200312
200295
200338
200350
200301
200327
200361
200327
200321
200342
200305
200348
200332
200295
200325
200321
200323
200335
200293
200301
200323
200300
200353
200322
200306
200292
200312
200322
200327
200354
200339
200322
200307
200354
200329
200341
200341
200335
200316
200313
200342
200291
200310
200297
200320
200348
200304
200331
200279
200335
200308
200339
200385
200361
200304
200329
200305
200311
200341
200360
200299
200326
200419
200278
200371
200300
200317
200320
200308
200314
200337
200303
200337
200341
200293
200318
200323
200310
200282
200306
200366
200336
200357
200340
200321
200292
200290
200348
200308
200338
200294
200285
200291
200322
200303
200300
200294
200329
200303
200288
200346
200336
200320
200294
200338
200280
200314
200288
200296
200319
200295
200329
200311
200361
200318
200326
200320
200311
200355
200409
200307
200321
200312
200314
200323
200309
200298
200298
200314
200344
200320
200288
200309
200305
200309
200351
200321
200349
200324
200320
200343
200332
200317
200317
200293
200356
200322
200328
200304
200313
200290
200330
200379
200311
200310
200310
200314
200322
200310
200321
200302
200309
200292
200309
200307
200309
200343
200327
200308
200282
200325
200295
200378
200281
200318
200423
200289
200317
200303
200312
200343
200297
200326
200374
200381
200326
200333
200331
200341
200307
200294
200303
200315
200341
200304
200301
200308
200333
200298
200373
200341
200322
200352
200323
200318
200296
200342
200316
200307
200319
200305
200324
200308
200336
200328
200316
200304
200366
200298
200299
200316
200286
200315
200379
200335
200313
200321
200317
200394
200313
200348
200293
200379
200318
200308
200303
200333
200346
200386
200304
200305
200329
200351
200327
200306
200311
200314
200307
200295
200280
200332
200278
200362
200324
200288
200330
200396
200333
200323
200318
200295
200346
200350
200352
200370
200271
200388
200306
200292
200323
200322
200340
200304
200316
200317
200313
200310
200302
200314
200345
200328
200355
200341
200343
200314
200284
200278
200349
200331
200327
200338
200363
200359
200307
200343
200312
200326
200406
200283
200322
200320
200293
200309
200336
200312
200333
200309
200370
200370
200311
200334
200344
200375
200336
200303
200334
200303
200317
200323
200353
200292
200303
200301
200286
200337
200345
200296
200302
200297
200329
200335
200278
200362
200323
200358
200316
200309
200349
200311
200308
200321
200314
200307
200356
200294
200382
200311
200290
200355
200356
200287
200381
200394
200328
200311
200323
200303
200332
200358
200306
200336
200397
200310
200331
200330
200303
200355
200310
200323
200297
200319
200387
200363
200293
200384
200331
200298
200418
200353
200352
200358
200319
200371
200280
200272
200319
200366
200308
200279
200379
200342
200281
200296
200305
200291
200315
200292
200315
200345
200390
200346
200364
200309
200307
200283
200292
200326
200307
200322
200277
200315
200302
200311
200299
200311
200350
200309
200326
200311
200382
200291
200319
200351
200317
200330
200322
200304
200326
200307
200354
200306
200374
200320
200373
200319
200346
200291
200299
200302
200310
200307
200339
200334
200366
200302
200301
200319
200329
200319
200310
200321
200335
200314
200311
200316
200331
200313
200391
200375
200350
200347
200282
200320
200337
200299
200316
200334
200315
200316
200292
200297
200315
200314
200397
200318
200316
200312
200324
200305
200303
200336
200341
200346
200318
200311
200390
200306
200385
200307
200325
200313
200303
200311
200315
200300
200312
200303
200300
200352
200356
200392
200311
200306
200346
200397
200316
200303
200364
200333
200296
200312
200374
200295
200356
200297
200296
200271
200294
200375
200309
200339
200314
200303
200315
200379
200302
200417
200286
200335
200321
200317
200316
200306
200372
200324
200309
200318
200293
200342
200281
200333
200299
200320
200316
200309
200326
200334
200327
200323
200304
200296
200322
200328
200283
200334
200347
200313
200298
200317
200319
200290
200343
200364
200321
200363
200317
200342
200327
200295
200330
200308
200382
200294
200375
200326
200323
200314
200292
200323
200323
200342
200299
200323
200297
200343
200284
200288
200335
200332
200316
200313
200361
200278
200353
200340
200285
200339
200358
200332
200356
200309
200323
200319
200340
200301
200303
200320
200318
200355
200367
200326
200380
200318
200296
200339
200288
200311
200277
200342
200322
200304
200334
200339
200331
200310
200321
200344
200303
200296
200325
200323
200348
200319
200345
200317
200284
200318
200287
200314
200345
200296
200298
200309
200265
200351
200318
200330
200323
200332
200299
200365
200351
200311
200301
200333
200341
200357
200299
200328
200338
200337
200317
200329
200335
200401
200326
200316
200334
200314
200301
200315
200332
200332
200302
200342
200307
200342
200291
200349
200370
200339
200362
200341
200274
200289
200315
200300
200335
200308
200344
200362
200314
200335
200327
200405
200307
200341
200332
200318
200399
200332
200303
200326
200276
200309
200323
200320
200332
200313
200334
200295
200313
200343
200347
200319
200306
200346
200302
200341
200311
200320
200296
200327
200308
200310
200344
200310
200336
200349
200345
200338
200370
200304
200263
200301
200306
200319
200316
200329
200354
200355
200335
200296
200296
200289
200345
200347
200307
200307
200344
200310
200300
200302
200297
200344
200336
200292
200270
200305
200302
200306
200302
200324
200377
200340
200346
200338
200341
200298
200298
200312
200430
200311
200319
200314
200315
200300
200305
200333
200372
200319
200316
200295
200335
200288
200320
200308
200356
200309
200380
200361
200300
200283
200296
200314
200333
200303
200296
200290
200355
200326
200318
200314
200344
200320
200299
200329
200348
200360
200316
200303
200385
200309
200317
200357
200306
200317
200334
200357
200311
200345
200308
200340
200333
200307
200338
200404
200327
200322
200368
200285
200301
200321
200340
200313
200335
200320
200333
200267
200278
200290
200347
200327
200369
200342
200356
200313
200358
200337
200334
200320
200333
200310
200299
200306
200315
200310
200317
200348
200302
200297
200314
200322
200301
200314
200391
200295
200298
200320
200405
200300
200340
200293
200272
200297
200298
200294
200313
200360
200309
200317
200307
200290
200325
200314
200307
200347
200314
200340
200297
200379
200284
200295
200307
200366
200318
200307
200297
200330
200318
200295
200356
200356
200344
200405
200317
200315
200310
200335
200309
200331
200348
200303
200330
200304
200307
200308
200322
200330
200337
200440
200306
200275
200332
200293
200323
200314
200302
200340
200303
200326
200359
200334
200319
200310
200295
200312
200284
200302
200343
200329
200315
200367
200377
200308
200309
200489
200329
200343
200345
200311
200301
200308
200357
200339
200301
200309
200321
200293
200304
200326
200324
200310
200316
200324
200315
200357
200405
200373
200297
200330
200376
200339
200320
200355
200352
200287
200332
200294
200306
200325
200307
200342
200307
200331
200315
200330
200358
200326
200303
200356
200318
200369
200383
200335
200375
200377
200352
200322
200327
200361
200293
200336
200307
200323
200329
200304
200333
200366
200333
200330
200307
200319
200315
200323
200340
200321
200340
200303
200326
200309
200318
200337
200336
200317
200320
200302
200317
200348
200303
200310
200309
200295
200310
200295
200328
200293
200310
200337
200295
200320
200300
200305
200310
200347
200303
200327
200337
200284
200336
200320
200317
200329
200300
200288
200288
200308
200341
200350
200320
200373
200377
200316
200343
200289
200327
200345
200318
200341
200341
200306
200317
200288
200294
200291
200340
200332
200311
200341
200304
200304
200310
200340
200316
200356
200286
200317
200317
200318
200358
200320
200313
200296
200356
200365
200309
200298
200316
200320
200299
200341
200321
200323
200299
200322
200320
200297
200297
200324
200350
200318
200329
200310
200344
200333
200314
200341
200316
200286
200297
200310
200322
200307
200338
200371
200313
200305
200303
200284
200299
200296
200306
200296
200306
200346
200351
200313
200324
200322
200407
200303
200348
200333
200286
200299
200303
200285
200304
200283
200331
200367
200367
200325
200315
200298
200297
200301
200386
200310
200355
200367
200341
200320
200314
200282
200353
200363
200341
200309
200338
200334
200327
200312
200318
200333
200322
200338
200327
200360
200335
200306
200291
200297
200301
200320
200320
200343
200285
200341
200347
200315
200308
200319
200330
200296
200344
200305
200356
200318
200313
200341
200334
200299
200374
200331
200330
200347
200288
200321
200282
200299
200272
200285
200297
200319
200314
200319
200303
200349
200307
200300
200294
200320
200320
200319
200314
200364
200355
200332
200324
200318
200355
200323
200285
200394
200306
200309
200306
200315
200374
200314
200303
200322
200282
200345
200365
200504
200322
200329
200301
200291
200329
200338
200296
200308
200340
200300
200339
200307
200323
200340
200302
200321
200393
200331
200337
200323
200302
200366
200308
200306
200329
200297
200303
200315
200318
200369
200309
200329
200318
200311
200315
200287
200365
200371
200332
200333
200301
200313
200306
200295
200317
200332
200279
200305
200323
200311
200365
200366
200311
200318
200323
200325
200320
200311
200352
200368
200313
200298
200299
200351
200316
200288
200299
200373
200346
200335
200316
200332
200320
200283
200307
200309
200331
200319
200358
200296
200336
200294
200323
200304
200327
200335
200315
200335
200314
200281
200383
200307
200288
200281
200336
200349
200322
200335
200353
200341
200320
200365
200323
200339
200300
200323
200325
200316
200364
200321
200284
200313
200316
200332
200351
200311
200290
200307
200323
200320
200344
200331
200348
200353
200369
200310
200341
200326
200314
200303
200312
200299
200351
200314
200355
200332
200296
200307
200288
200306
200329
200287
200318
200338
200312
200322
200340
200341
200310
200307
200283
200297
200361
200313
200312
200334
200343
200320
200332
200329
200301
200306
200312
200294
200328
200314
200297
200332
200415
200294
200308
200313
200347
200295
200359
200306
200339
200297
200301
200289
200307
200324
200312
200308
200302
200295
200315
200354
200313
200309
200371
200304
200304
200339
200364
200305
200309
200318
200297
200311
200357
200334
200316
200315
200307
200331
200316
200303
200303
200303
200313
200353
200298
200309
200312
200282
200314
200322
200355
200317
200309
200313
200301
200346
200321
200318
200315
200290
200328
200339
200325
200406
200320
200339
200304
200311
200339
200295
200329
200417
200301
200322
200339
200337
200338
200305
200351
200304
200331
200301
200317
200327
200289
200296
200384
200293
200315
200317
200273
200322
200332
200308
200318
200297
200303
200313
200342
200347
200308
200313
200366
200281
200329
200294
200308
200323
200330
200310
200390
200301
200344
200341
200332
200410
200349
200294
200297
200297
200328
200407
200380
200321
200331
200336
200392
200330
200323
200354
200306
200327
200312
200347
200304
200315
200382
200299
200337
200327
200336
200299
200310
200325
200302
200329
200356
200342
200330
200348
200293
200319
200315
200336
200299
200329
200312
200321
200309
200353
200342
200328
200313
200296
200329
200340
200314
200279
200307
200339
200320
200352
200319
200317
200341
200344
200308
200305
200323
200356
200319
200331
200328
200351
200302
200304
200308
200288
200368
200359
200317
200313
200338
200329
200321
200319
200288
200336
200337
200325
200353
200333
200309
200333
200342
200278
200311
200340
200317
200346
200342
200312
200300
200280
200373
200298
200335
200311
200362
200321
200296
200355
200316
200299
200322
200320
200310
200295
200283
200362
200356
200296
200296
200310
200310
200326
200307
200300
200380
200325
200325
200333
200333
200377
200314
200315
200338
200357
200305
200328
200312
200312
200304
200358
200285
200332
200285
200330
200332
200350
200293
200302
200298
200351
200334
200300
200301
200306
200317
200312
200322
200294
200353
200309
200344
200344
200323
200302
200347
200318
200366
200315
200335
200361
200375
200305
200347
200339
200314
200378
200309
200308
200295
200328
200333
200313
200316
200309
200294
200312
200353
200345
200354
200305
200356
200293
200325
200331
200316
200341
200278
200348
200322
200315
200327
200315
200338
200304
200356
200285
200280
200329
200304
200328
200304
200319
200273
200317
200307
200320
200301
200314
200352
200368
200314
200295
200315
200299
200308
200294
200376
200300
200370
200340
200321
200320
200329
200309
200333
200342
200337
200288
200344
200287
200345
200338
200342
200335
200332
200344
200363
200314
200359
200324
200327
200323
200290
200315
200336
200294
200327
200320
200358
200364
200309
200318
200369
200327
200287
200311
200303
200305
200343
200339
200352
200469
200307
200355
200312
200368
200315
200315
200308
200352
200303
200318
200363
200286
200344
200284
200313
200334
200296
200313
200311
200389
200289
200371
200296
200353
200314
200309
200319
200341
200297
200321
200347
200337
200294
200309
200311
200332
200330
200330
200324
200360
200317
200322
200292
200303
200294
200348
200343
200328
200330
200323
200304
200303
200355
200294
200304
200309
200278
200322
200337
200404
200288
200302
200292
200434
200302
200323
200337
200375
200316
200328
200329
200362
200294
200342
200324
200299
200285
200288
200317
200332
200314
200305
200307
200342
200293
200270
200307
200315
200329
200298
200350
200366
200332
200319
200323
200315
200384
200339
200331
200317
200327
200293
200304
200305
200327
200313
200312
200338
200382
200349
200315
200285
200340
200294
200303
200300
200276
200313
200323
200319
200335
200324
200309
200323
200281
200318
200363
200311
200296
200305
200304
200349
200306
200314
200338
200330
200381
200310
200364
200348
200278
200316
200306
200305
200327
200280
200304
200322
200299
200342
200291
200308
200308
200341
200303
200311
200285
200309
200288
200348
200298
200353
200350
200284
200296
200360
200325
200350
200301
200335
200343
200305
200283
200309
200320
200318
200350
200308
200297
200296
200333
200312
200301
200364
200303
200320
200325
200304
200334
200331
200368
200315
200332
200312
200353
200300
200311
200327
200302
200355
200352
200340
200399
200335
200330
200288
200315
200418
200346
200329
200308
200309
200308
200319
200343
200323
200312
200318
200341
200299
200292
200331
200299
200364
200296
200328
200302
200303
200340
200325
200337
200287
200303
200340
200322
200299
200301
200315
200370
200321
200321
200308
200285
200333
200348
200327
200285
200342
200332
200301
200302
200309
200305
200350
200321
200299
200320
200316
200344
200362
200330
200294
200326
200290
200312
200344
200324
200287
200300
200330
200294
200303
200314
200296
200328
200296
200324
200389
200278
200386
200379
200319
200305
200308
200299
200300
200311
200334
200345
200329
200295
200331
200294
200337
200318
200313
200390
200323
200356
200346
200313
200330
200321
200308
200374
200316
200346
200370
200290
200324
200311
200455
200307
200357
200360
200339
200330
200316
200335
200292
200327
200351
200295
200354
200354
200293
200283
200368
200302
200328
200323
200325
200313
200296
200330
200307
200354
200299
200315
200316
200278
200348
200298
200302
200304
200361
200365
200350
200353
200314
200292
200304
200323
200304
200338
200322
200302
200324
200321
200332
200346
200336
200292
200346
200287
200292
200326
200289
200354
200326
200297
200310
200304
200333
200312
200347
200303
200305
200314
200301
200342
200316
200373
200341
200282
200290
200341
200312
200329
200351
200297
200308
200304
200319
200301
200297
200306
200310
200281
200335
200324
200308
200264
200331
200333
200334
200316
200304
200328
200306
200326
200368
200359
200313
200306
200355
200300
200301
200310
200303
200384
200366
200302
200316
200342
200324
200315
200291
200392
200389
200312
200355
200312
200287
200300
200373
200325
200325
200319
200319
200335
200308
200357
200322
200326
200319
200295
200306
200333
200327
200342
200366
200314
200362
200322
200317
200313
200359
200375
200303
200316
200306
200322
200312
200324
200303
200303
200301
200270
200330
200279
200324
200336
200322
200312
200329
200322
200334
200334
200336
200309
200275
200321
200324
200381
200311
200343
200276
200315
200288
200338
200313
200353
200363
200332
200288
200308
200328
200281
200324
200300
200321
200357
200327
200287
200319
200389
200364
200308
200360
200306
200264
200306
200328
200319
200313
200304
200322
200289
200330
200308
200347
200321
200338
200311
200293
200343
