200263
200255
200261
200232
200244
200308
200278
200240
200356
200258
200274
200275
200261
200246
200228
200256
200283
200274
200234
200235
200274
200273
200304
200277
200270
200259
200273
200260
200267
200249
200264
200282
200255
200309
200249
200295
200295
200253
200250
200255
200254
200295
200248
200269
200315
200244
200231
200260
200268
200266
200303
200269
200263
200269
200256
200243
200278
200282
200340
200252
200280
200289
200258
200255
200229
200280
200256
200275
200270
200271
200266
200249
200262
200244
200295
200256
200282
200271
200282
200266
200265
200266
200244
200220
200290
200232
200240
200301
200296
200292
200245
200292
200295
200253
200267
200255
200279
200285
200251
200269
200236
200263
200267
200236
200315
200255
200279
200261
200285
200272
200281
200278
200298
200246
200271
200241
200279
200268
200241
200273
200310
200330
200297
200253
200292
200240
200261
200263
200286
200295
200311
200254
200243
200268
200258
200254
200318
200266
200313
200256
200237
200291
200255
200247
200276
200256
200259
200296
200241
200292
200311
200269
200252
200259
200242
200283
200277
200264
200273
200275
200260
200248
200251
200258
200282
200268
200264
200267
200284
200334
200313
200294
200241
200274
200258
200278
200258
200266
200286
200276
200240
200280
200238
200256
200287
200267
200298
200287
200231
200275
200278
200249
200356
200381
200277
200284
200256
200288
200273
200232
200271
200270
200288
200262
200291
200242
200255
200253
200309
200243
200273
200278
200261
200277
200244
200268
200258
200275
200276
200271
200268
200281
200281
200252
200272
200266
200272
200276
200307
200247
200302
200294
200266
200241
200244
200273
200256
200272
200272
200246
200241
200244
200258
200262
200236
200274
200263
200250
200275
200251
200243
200284
200259
200239
200266
200270
200289
200255
200271
200236
200267
200284
200295
200263
200282
200301
200277
200252
200237
200229
200238
200311
200248
200259
200265
200260
200247
200248
200236
200287
200292
200242
200258
200284
200297
200281
200266
200256
200287
200264
200266
200266
200262
200264
200257
200297
200297
200265
200258
200267
200327
200283
200241
200257
200275
200277
200258
200286
200253
200320
200313
200258
200249
200266
200245
200305
200282
200287
200281
200235
200263
200281
200235
200244
200231
200241
200277
200284
200309
200236
200248
200272
200261
200272
200290
200289
200267
200257
200267
200257
200238
200246
200366
200242
200260
200245
200277
200228
200255
200278
200284
200292
200275
200307
200241
200299
200225
200264
200291
200297
200234
200257
200256
200291
200248
200250
200305
200273
200238
200290
200258
200269
200245
200230
200255
200271
200242
200262
200279
200280
200274
200253
200293
200268
200277
200275
200255
200259
200262
200260
200281
200280
200254
200278
200297
200262
200274
200255
200248
200283
200230
200292
200272
200294
200245
200255
200281
200405
200301
200276
200268
200275
200277
200303
200279
200286
200259
200308
200311
200256
200252
200303
200241
200277
200261
200269
200266
200245
200309
200296
200245
200229
200272
200244
200308
200269
200293
200238
200257
200282
200263
200281
200236
200245
200270
200316
200284
200292
200278
200316
200243
200249
200280
200258
200277
200251
200251
200307
200296
200257
200253
200268
200254
200230
200252
200268
200237
200271
200291
200244
200236
200263
200245
200279
200249
200242
200258
200292
200268
200262
200271
200289
200284
200283
200310
200265
200233
200250
200268
200257
200268
200278
200263
200284
200259
200261
200276
200257
200271
200257
200241
200285
200257
200284
200256
200288
200240
200352
200249
200253
200254
200274
200252
200255
200284
200269
200251
200265
200253
200272
200260
200276
200250
200252
200318
200350
200285
200290
200246
200266
200272
200237
200269
200274
200281
200253
200259
200256
200272
200257
200314
200237
200240
200274
200299
200257
200294
200221
200266
200243
200315
200251
200260
200275
200259
200262
200346
200263
200237
200258
200295
200248
200273
200258
200264
200295
200255
200263
200293
200250
200252
200255
200293
200262
200262
200244
200283
200252
200291
200272
200259
200243
200255
200280
200271
200252
200265
200322
200270
200267
200251
200250
200319
200248
200268
200254
200240
200334
200262
200263
200323
200304
200387
200276
200257
200233
200262
200249
200265
200263
200240
200252
200272
200296
200384
200254
200268
200275
200261
200315
200221
200299
200306
200312
200285
200263
200287
200248
200300
200302
200232
200291
200282
200271
200258
200252
200269
200251
200273
200266
200259
200252
200260
200263
200260
200254
200277
200281
200238
200283
200271
200285
200261
200250
200305
200274
200254
200292
200263
200243
200260
200251
200219
200274
200238
200292
200225
200266
200273
200235
200265
200287
200276
200268
200235
200255
200283
200262
200239
200270
200244
200263
200303
200281
200245
200266
200297
200238
200302
200305
200243
200275
200255
200270
200275
200249
200272
200252
200258
200256
200289
200233
200370
200299
200252
200271
200299
200275
200267
200253
200268
200269
200244
200261
200278
200278
200314
200248
200303
200236
200244
200311
200260
200274
200241
200260
200333
200232
200233
200266
200272
200299
200289
200274
200244
200274
200264
200280
200279
200264
200277
200289
200277
200250
200293
200248
200301
200279
200275
200257
200274
200252
200237
200291
200261
200259
200260
200263
200291
200284
200242
200296
200270
200275
200281
200252
200254
200294
200247
200273
200248
200288
200251
200255
200269
200231
200257
200270
200265
200275
200238
200231
200296
200266
200273
200289
200248
200253
200244
200304
200316
200297
200252
200325
200250
200274
200243
200268
200292
200346
200275
200244
200275
200267
200252
200273
200286
200252
200272
200258
200276
200299
200261
200272
200267
200304
200283
200337
200248
200299
200256
200235
200245
200280
200244
200300
200274
200312
200331
200256
200268
200283
200262
200261
200272
200282
200269
200255
200278
200264
200319
200245
200227
200276
200285
200268
200256
200260
200256
200255
200249
200285
200272
200267
200244
200283
200264
200276
200232
200252
200270
200265
200280
200260
200243
200262
200261
200300
200252
200260
200313
200313
200281
200286
200262
200328
200286
200288
200273
200262
200286
200243
200256
200254
200274
200270
200266
200273
200251
200260
200282
200276
200259
200251
200255
200308
200233
200263
200269
200256
200306
200244
200263
200281
200269
200307
200274
200273
200232
200263
200246
200294
200325
200225
200342
200276
200238
200278
200258
200266
200349
200267
200315
200286
200291
200257
200263
200272
200258
200276
200279
200266
200289
200234
200264
200245
200294
200295
200267
200238
200248
200259
200258
200267
200233
200280
200270
200288
200240
200244
200267
200257
200289
200245
200240
200254
200257
200267
200256
200262
200294
200266
200315
200259
200263
200276
200269
200262
200273
200317
200264
200279
200255
200253
200354
200237
200278
200245
200241
200245
200247
200272
200314
200311
200243
200255
200273
200260
200256
200295
200269
200271
200307
200259
200261
200251
200263
200267
200267
200259
200254
200278
200269
200229
200301
200258
200260
200266
200255
200252
200278
200268
200252
200279
200259
200271
200245
200233
200266
200261
200251
200257
200261
200297
200287
200310
200275
200270
200292
200250
200267
200246
200280
200273
200249
200251
200244
200245
200250
200251
200253
200248
200254
200261
200270
200254
200242
200295
200243
200278
200243
200307
200260
200298
200275
200282
200249
200247
200230
200239
200254
200281
200250
200298
200242
200288
200279
200282
200254
200263
200258
200237
200250
200385
200260
200277
200257
200244
200263
200255
200262
200274
200280
200258
200274
200269
200241
200306
200262
200252
200297
200258
200226
200263
200247
200296
200218
200268
200244
200290
200274
200282
200241
200252
200265
200243
200315
200251
200302
200288
200246
200300
200241
200260
200240
200293
200266
200271
200264
200262
200268
200244
200243
200249
200271
200240
200271
200309
200281
200254
200321
200312
200240
200284
200267
200268
200222
200258
200234
200263
200247
200290
200284
200293
200237
200287
200277
200266
200273
200265
200282
200259
200279
200265
200238
200255
200237
200248
200287
200269
200285
200257
200282
200239
200256
200242
200268
200298
200255
200258
200262
200291
200252
200272
200239
200288
200228
200255
200261
200264
200285
200249
200290
200285
200246
200258
200286
200241
200230
200247
200255
200291
200303
200279
200274
200271
200254
200266
200244
200268
200280
200249
200282
200269
200256
200256
200264
200266
200240
200259
200291
200314
200276
200315
200250
200260
200270
200271
200301
200276
200264
200282
200252
200247
200309
200292
200277
200263
200241
200288
200238
200266
200258
200277
200268
200234
200285
200281
200259
200243
200329
200249
200314
200319
200266
200239
200300
200255
200271
200274
200289
200246
200306
200264
200309
200280
200271
200284
200268
200266
200255
200248
200312
200291
200263
200263
200252
200261
200260
200288
200283
200252
200252
200264
200278
200338
200262
200253
200253
200285
200249
200250
200274
200269
200261
200273
200278
200284
200268
200293
200271
200269
200255
200249
200271
200253
200287
200292
200274
200298
200316
200251
200272
200268
200276
200272
200286
200260
200272
200274
200234
200262
200244
200266
200258
200263
200323
200260
200236
200246
200282
200400
200276
200290
200248
200231
200309
200242
200297
200297
200260
200232
200278
200246
200268
200267
200239
200256
200283
200269
200268
200252
200252
200294
200305
200275
200273
200241
200232
200290
200268
200240
200254
200244
200238
200276
200253
200271
200283
200271
200261
200255
200255
200248
200234
200230
200252
200297
200237
200278
200275
200292
200258
200241
200276
200283
200251
200265
200249
200248
200237
200293
200261
200259
200258
200283
200234
200253
200246
200228
200325
200287
200275
200266
200274
200285
200292
200227
200243
200251
200287
200288
200267
200254
200284
200246
200270
200269
200255
200265
200238
200251
200278
200260
200271
200288
200260
200297
200255
200246
200258
200262
200253
200281
200280
200281
200271
200258
200260
200257
200243
200263
200252
200287
200287
200244
200260
200250
200303
200268
200289
200262
200312
200287
200270
200252
200276
200275
200273
200246
200321
200270
200298
200317
200266
200346
200258
200240
200268
200259
200368
200250
200327
200262
200437
200304
200233
200272
200260
200250
200281
200254
200277
200271
200254
200260
200249
200258
200236
200269
200255
200299
200248
200237
200271
200244
200254
200314
200250
200263
200262
200260
200278
200281
200259
200247
200253
200249
200293
200252
200238
200287
200326
200238
200241
200291
200221
200280
200262
200262
200259
200238
200260
200245
200288
200270
200258
200261
200256
200258
200265
200258
200278
200283
200270
200253
200312
200284
200291
200292
200265
200270
200296
200309
200260
200245
200263
200271
200313
200262
200284
200286
200238
200266
200299
200265
200262
200223
200283
200280
200269
200285
200291
200239
200244
200234
200317
200248
200256
200283
200255
200272
200260
200299
200257
200270
200267
200251
200254
200235
200249
200258
200250
200249
200328
200303
200275
200281
200281
200272
200251
200271
200295
200249
200254
200288
200258
200325
200251
200277
200247
200272
200294
200282
200249
200220
200262
200233
200242
200336
200268
200250
200279
200269
200339
200284
200263
200293
200255
200255
200271
200266
200280
200244
200249
200262
200294
200304
200240
200255
200324
200258
200277
200262
200242
200283
200263
200284
200291
200251
200267
200296
200280
200225
200271
200272
200285
200248
200266
200275
200286
200262
200284
200235
200265
200287
200258
200299
200264
200284
200257
200254
200291
200254
200257
200292
200266
200302
200274
200288
200278
200238
200279
200280
200250
200253
200274
200258
200293
200293
200286
200274
200260
200265
200265
200262
200305
200306
200247
200313
200251
200271
200264
200286
200254
200273
200264
200226
200253
200253
200239
200264
200253
200249
200285
200282
200280
200252
200272
200260
200245
200267
200271
200286
200259
200257
200290
200243
200259
200273
200267
200282
200260
200254
200229
200263
200243
200265
200310
200241
200238
200295
200288
200245
200243
200251
200240
200229
200269
200293
200283
200260
200262
200292
200307
200265
200294
200275
200253
200252
200256
200308
200296
200283
200297
200293
200251
200251
200252
200286
200250
200255
200282
200240
200250
200291
200248
200261
200292
200298
200297
200259
200261
200292
200267
200258
200274
200297
200259
200294
200245
200249
200312
200260
200256
200232
200256
200260
200292
200255
200279
200331
200257
200230
200280
200240
200281
200270
200221
200249
200267
200259
200231
200293
200240
200261
200267
200249
200288
200264
200295
200250
200250
200289
200269
200295
200264
200260
200273
200267
200267
200263
200256
200306
200257
200274
200264
200321
200266
200266
200284
200272
200255
200237
200249
200255
200266
200265
200316
200257
200262
200295
200275
200279
200257
200259
200290
200276
200251
200236
200269
200255
200252
200292
200288
200265
200275
200263
200239
200271
200248
200288
200269
200247
200244
200270
200276
200300
200260
200317
200275
200254
200248
200247
200249
200243
200327
200254
200287
200276
200285
200260
200274
200240
200271
200258
200259
200252
200246
200248
200284
200306
200277
200252
200226
200277
200317
200256
200260
200274
200266
200289
200276
200281
200273
200264
200265
200237
200259
200257
200266
200257
200266
200272
200276
200272
200242
200266
200251
200249
200299
200265
200272
200254
200262
200267
200266
200255
200260
200275
200260
200269
200263
200272
200241
200243
200273
200251
200257
200245
200237
200276
200297
200274
200342
200289
200245
200254
200307
200235
200295
200277
200307
200267
200320
200262
200231
200260
200323
200264
200263
200256
200237
200256
200242
200291
200263
200271
200258
200274
200272
200270
200275
200256
200265
200236
200257
200304
200248
200263
200303
200294
200283
200252
200289
200238
200249
200346
200271
200261
200241
200253
200305
200248
200285
200289
200219
200240
200257
200241
200279
200243
200279
200266
200279
200257
200262
200242
200249
200249
200266
200236
200259
200283
200324
200283
200241
200281
200278
200269
200262
200265
200269
200257
200253
200291
200264
200312
200276
200278
200267
200269
200266
200237
200257
200258
200252
200300
200290
200266
200250
200286
200235
200253
200253
200297
200259
200269
200267
200245
200289
200318
200263
200284
200281
200294
200277
200271
200276
200283
200258
200266
200269
200253
200306
200242
200307
200234
200244
200293
200256
200245
200275
200243
200280
200256
200260
200286
200245
200265
200281
200290
200267
200289
200285
200235
200287
200316
200247
200277
200265
200226
200252
200281
200262
200301
200290
200265
200284
200275
200281
200308
200283
200248
200278
200284
200286
200249
200244
200258
200262
200275
200265
200230
200248
200324
200260
200290
200259
200273
200278
200254
200292
200249
200264
200260
200230
200257
200266
200260
200269
200262
200269
200297
200309
200251
200255
200235
200281
200286
200292
200239
200257
200258
200241
200275
200232
200240
200276
200307
200256
200272
200282
200271
200253
200281
200288
200301
200254
200239
200268
200255
200275
200261
200337
200284
200286
200258
200247
200276
200249
200280
200279
200249
200256
200261
200265
200244
200273
200323
200251
200251
200276
200241
200262
200261
200278
200295
200272
200229
200293
200256
200267
200252
200269
200267
200264
200337
200259
200282
200324
200281
200293
200282
200255
200266
200266
200272
200241
200296
200255
200313
200276
200270
200264
200261
200266
200261
200274
200236
200274
200251
200270
200253
200329
200295
200277
200241
200269
200273
200256
200266
200260
200247
200273
200283
200265
200261
200266
200255
200377
200261
200257
200250
200258
200278
200302
200259
200281
200247
200268
200274
200270
200262
200274
200274
200263
200263
200329
200246
200265
200273
200261
200270
200292
200262
200248
200305
200259
200263
200246
200292
200250
200298
200246
200266
200285
200262
200251
200293
200269
200258
200270
200250
200255
200255
200298
200244
200301
200298
200251
200250
200244
200256
200241
200318
200291
200249
200266
200300
200242
200235
200291
200267
200262
200284
200268
200263
200248
200299
200257
200253
200257
200268
200308
200274
200246
200242
200274
200269
200284
200257
200298
200277
200317
200269
200242
200262
200256
200265
200302
200245
200311
200270
200312
200342
200263
200259
200285
200298
200243
200322
200231
200271
200267
200262
200283
200316
200281
200246
200318
200288
200261
200307
200266
200297
200271
200287
200288
200270
200277
200268
200257
200257
200248
200267
200246
200247
200282
200264
200261
200257
200265
200313
200241
200270
200259
200245
200252
200293
200234
200268
200301
200258
200283
200249
200293
200251
200259
200247
200296
200254
200288
200251
200250
200251
200277
200255
200327
200348
200236
200256
200256
200265
200281
200270
200271
200271
200271
200252
200278
200290
200227
200240
200275
200252
200263
200266
200240
200287
200320
200291
200277
200285
200250
200229
200250
200267
200289
200266
200302
200315
200222
200251
200277
200252
200260
200259
200261
200246
200271
200274
200299
200259
200255
200261
200268
200282
200251
200276
200289
200261
200238
200293
200251
200279
200233
200281
200250
200260
200216
200278
200271
200241
200287
200241
200271
200261
200267
200235
200313
200281
200252
200269
200247
200239
200243
200244
200250
200273
200268
200254
200278
200279
200246
200260
200240
200297
200264
200247
200254
200319
200240
200262
200261
200243
200266
200273
200241
200239
200274
200286
200256
200258
200285
200261
200258
200307
200281
200262
200245
200303
200244
200318
200273
200265
200280
200251
200261
200295
200260
200252
200236
200306
200251
200285
200284
200287
200294
200244
200266
200330
200260
200275
200286
200279
200255
200316
200289
200267
200261
200261
200287
200300
200350
200239
200291
200300
200260
200249
200261
200253
200290
200250
200283
200263
200284
200237
200266
200265
200261
200258
200220
200251
200317
200268
200264
200256
200269
200256
200261
200237
200312
200255
200259
200283
200288
200248
200290
200288
200297
200270
200299
200246
200267
200303
200280
200269
200281
200287
200260
200265
200293
200268
200268
200244
200225
200316
200289
200263
200272
200248
200252
200311
200246
200272
200293
200260
200278
200261
200268
200300
200283
200258
200261
200289
200242
200295
200260
200245
200239
200242
200239
200266
200272
200254
200258
200264
200244
200255
200243
200303
200285
200238
200279
200265
200258
200271
200248
200269
200243
200239
200287
200349
200226
200256
200233
200240
200259
200306
200265
200258
200297
200289
200303
200258
200249
200242
200264
200258
200272
200265
200245
200252
200244
200239
200273
200284
200248
200262
200272
200316
200242
200260
200254
200338
200264
200271
200385
200277
200258
200259
200258
200333
200239
200275
200276
200272
200272
200246
200263
200315
200248
200264
200343
200248
200311
200307
200259
200274
200343
200261
200299
200315
200275
200259
200243
200251
200252
200263
200273
200269
200270
200240
200271
200245
200278
200259
200278
200316
200269
200299
200258
200266
200283
200280
200259
200299
200264
200230
200325
200250
200272
200224
200411
200248
200280
200255
200325
200238
200239
200264
200242
200292
200262
200266
200277
200251
200265
200235
200274
200285
200255
200251
200269
200251
200252
200274
200241
200242
200261
200266
200245
200269
200240
200255
200275
200247
200252
200257
200310
200260
200246
200266
200260
200238
200315
200312
200245
200289
200304
200321
200248
200239
200287
200271
200352
200256
200368
200248
200344
200259
200296
200285
200241
200260
200246
200254
200276
200288
200245
200287
200259
200244
200285
200281
200298
200274
200262
200290
200263
200263
200250
200264
200266
200237
200250
200268
200243
200261
200272
200307
200259
200255
200226
200240
200264
200300
200341
200279
200299
200239
200285
200285
200264
200262
200258
200252
200289
200258
200230
200308
200252
200244
200254
200304
200289
200253
200245
200237
200318
200260
200273
200259
200251
200250
200239
200253
200296
200250
200256
200245
200273
200290
200262
200257
200279
200254
200245
200287
200249
200284
200266
200279
200236
200258
200265
200275
200256
200248
200251
200248
200273
200271
200245
200265
200257
200243
200303
200262
200273
200267
200254
200256
200277
200265
200244
200274
200271
200230
200266
200273
200246
200282
200240
200243
200268
200232
200248
200242
200247
200266
200235
200296
200257
200260
200269
200254
200271
200275
200263
200239
200277
200263
200308
200255
200242
200275
200244
200252
200286
200348
200275
200267
200240
200258
200327
200237
200258
200289
200254
200236
200270
200278
200279
200289
200276
200315
200273
200236
200229
200253
200254
200246
200299
200249
200270
200309
200281
200255
200280
200283
200243
200278
200268
200280
200287
200247
200257
200238
200291
200287
200266
200294
200293
200250
200292
200286
200280
200265
200228
200267
200283
200253
200240
200294
200252
200272
200272
200261
200269
200259
200258
200273
200257
200259
200283
200276
200277
200268
200255
200298
200287
200256
200233
200335
200304
200250
200276
200305
200240
200275
200306
200236
200277
200332
200245
200306
200243
200265
200253
200282
200269
200256
200227
200261
200301
200252
200276
200309
200288
200351
200302
200269
200264
200266
200261
200256
200306
200273
200282
200250
200237
200311
200257
200249
200251
200325
200251
200260
200247
200258
200263
200256
200253
200244
200310
200250
200231
200274
200255
200286
200258
200245
200256
200269
200279
200258
200243
200274
200252
200390
200281
200284
200312
200273
200245
200244
200252
200291
200248
200262
200259
200249
200266
200254
200300
200263
200265
200306
200284
200233
200260
200239
200242
200267
200270
200225
200272
200251
200267
200268
200291
200246
200251
200269
200284
200258
200265
200297
200252
200252
200278
200336
200253
200253
200267
200306
200267
200334
200234
200259
200243
200248
200244
200280
200249
200265
200270
200276
200235
200274
200247
200278
200261
200267
200317
200240
200277
200281
200276
200301
200264
200268
200268
200303
200245
200264
200235
200264
200254
200250
200237
200226
200298
200248
200271
200242
200245
200279
200299
200254
200254
200289
200253
200283
200274
200316
200250
200293
200252
200258
200280
200302
200286
200240
200246
200258
200296
200251
200269
200257
200281
200304
200296
200232
200322
200252
200282
200251
200228
200310
200272
200282
200251
200321
200270
200262
200268
200261
200237
200248
200262
200316
200256
200253
200292
200314
200250
200264
200245
200244
200257
200257
200258
200250
200269
200260
200294
200277
200253
200263
200271
200258
200278
200305
200253
200255
200285
200271
200284
200271
200265
200280
200255
200278
200245
200279
200257
200263
200240
200273
200282
200256
200288
200247
200236
200252
200271
200237
200259
200300
200260
200267
200241
200280
200289
200253
200235
200277
200318
200231
200281
200286
200253
200237
200237
200281
200309
200242
200254
200249
200340
200292
200313
200267
200285
200271
200285
200262
200248
200255
200266
200291
200290
200254
200278
200257
200246
200302
200253
200268
200249
200265
200313
200281
200275
200239
200228
200284
200251
200266
200235
200307
200269
200235
200254
200285
200253
200247
200261
200258
200259
200263
200291
200238
200294
200242
200261
200238
200264
200256
200271
200281
200305
200262
200257
200279
200243
200239
200266
200259
200278
200304
200239
200279
200316
200295
200262
200273
200294
200274
200269
200263
200241
200300
200271
200231
200276
200257
200248
200259
200270
200241
200263
200281
200254
200275
200259
200258
200294
200232
200255
200312
200262
200283
200232
200243
200243
200260
200285
200269
200267
200277
200267
200273
200288
200243
200271
200266
200267
200227
200247
200236
200294
200282
200257
200241
200261
200248
200245
200257
200256
200269
200241
200271
200249
200253
200240
200284
200249
200247
200272
200377
200282
200261
200249
200250
200234
200303
200274
200325
200243
200270
200236
200292
200315
200250
200263
200274
200265
200253
200238
200288
200243
200310
200281
200267
200252
200287
200247
200279
200282
200269
200263
200352
200271
200276
200266
200284
200261
200237
200270
200242
200245
200249
200249
200260
200273
200290
200285
200282
200237
200239
200252
200253
200264
200295
200259
200287
200256
200287
200274
200297
200237
200256
200252
200325
200247
200259
200235
200273
200254
200250
200249
200289
200323
200252
200256
200247
200254
200274
200271
200270
200277
200255
200281
200236
200247
200264
200246
200251
200272
200272
200330
200227
200264
200273
200305
200247
200249
200293
200259
200258
200270
200273
200262
200313
200267
200280
200268
200248
200313
200275
200240
200291
200286
200256
200280
200283
200301
200285
200237
200270
200251
200273
200254
200269
200257
200244
200268
200269
200272
200304
200282
200270
200293
200254
200255
200265
200241
200277
200257
200259
200253
200265
200254
200254
200260
200235
200283
200251
200304
200307
200273
200267
200255
200264
200265
200276
200247
200284
200228
200269
200241
200247
200281
200277
200264
200273
200357
200298
200280
200260
200270
200259
200265
200256
200281
200253
200301
200286
200267
200264
200250
200284
200350
200243
200297
200259
200263
200284
200236
200285
200267
200267
200254
200265
200310
200327
200256
200245
200239
200275
200271
200281
200261
200278
200251
200266
200269
200308
200244
200257
200276
200243
200300
200357
200249
200278
200262
200289
200274
200247
200266
200283
200252
200304
200259
200252
200298
200278
200256
200274
200239
200268
200263
200257
200274
200244
200261
200254
200251
200260
200277
200266
200254
200249
200259
200256
200285
200250
200234
200313
200264
200260
200244
200265
200334
200272
200243
200258
200287
200245
200250
200279
200268
200256
200276
200282
200266
200261
200262
200285
200259
200244
200276
200247
200285
200347
200274
200291
200264
200267
200309
200273
200254
200230
200289
200274
200252
200245
200296
200273
200287
200291
200260
200273
200248
200293
200287
200276
200250
200253
200252
200295
200239
200267
200261
200268
200250
200326
200244
200252
200264
200241
200309
200278
200253
200290
200259
200243
200282
200246
200264
200261
200303
200245
200251
200258
200308
200259
200258
200262
200302
200284
200270
200245
200267
200231
200284
200243
200261
200269
200240
200273
200302
200265
200293
200228
200283
200293
200279
200311
200248
200247
200250
200300
200277
200244
200283
200258
200246
200262
200297
200254
200268
200297
200332
200253
200277
200280
200253
200279
200263
200250
200251
200234
200287
200299
200254
200273
200227
200279
200297
200287
200238
200246
200246
200252
200286
200248
200282
200271
200256
200249
200255
200256
200277
200243
200263
200232
200265
200240
200258
200275
200270
200278
200268
200258
200260
200266
200237
200252
200273
200293
200275
200284
200301
200265
200247
200261
200289
200281
200279
200257
200249
200272
200242
200284
200254
200284
200232
200239
200271
200262
200243
200236
200266
200277
200270
200249
200328
200288
200239
200275
200256
200307
200258
200305
200259
200257
200285
200248
200244
200303
200258
200258
200347
200277
200267
200274
200251
200276
200315
200281
200274
200262
200242
200250
200309
200238
200285
200273
200304
200232
200267
200318
200236
200335
200254
200270
200268
200269
200247
200261
200281
200258
200239
200268
200285
200247
200273
200285
200250
200296
200274
200285
200257
200235
200254
200252
200250
200264
200283
200240
200288
200262
200274
200324
200293
200285
200245
200245
200244
200284
200216
200267
200246
200268
200239
200317
200264
200266
200267
200268
200245
200337
200267
200240
200226
200281
200274
200287
200271
200231
200239
200268
200295
200279
200283
200245
200248
200246
200267
200301
200260
200257
200244
200265
200252
200250
200253
200244
200263
200272
200264
200260
200279
200258
200270
200269
200247
200257
200281
200259
200249
200231
200277
200268
200279
200224
200256
200280
200281
200259
200262
200286
200245
200241
200284
200278
200283
200238
200319
200243
200311
200267
200260
200251
200264
200266
200231
200242
200268
200244
200231
200300
200309
200263
200285
200229
200266
200272
200290
200281
200249
200258
200254
200254
200281
200268
200258
200267
200272
200257
200268
200285
200263
200292
200268
200300
200264
200274
200246
200269
200268
200244
200264
200282
200302
200242
200327
200298
200249
200294
200261
200261
200264
200257
200251
200271
200250
200254
200277
200307
200269
200236
200243
200296
200302
200242
200298
200250
200250
200288
200286
200275
200292
200243
200250
200276
200273
200265
200225
200337
200247
200269
200284
200278
200259
200273
200271
200280
200269
200268
200260
200312
200241
200261
200277
200237
200248
200259
200261
200252
200244
200272
200250
200230
200268
200259
200269
200287
200313
200270
200252
200249
200229
200352
200335
200247
200244
200294
200259
200230
200248
200244
200264
200231
200283
200255
200248
200249
200249
200310
200270
200261
200266
200267
200260
200262
200265
200263
200247
200234
200247
200242
200276
200242
200282
200269
200245
200267
200253
200293
200280
200246
200278
200259
200358
200253
200273
200220
200250
200255
200220
200263
200261
200240
200244
200276
200265
200282
200236
200274
200277
200272
200246
200225
200274
200260
200261
200255
200232
200275
200309
200304
200287
200292
200243
200228
200273
200271
200298
200273
200282
200266
200283
200256
200285
200246
200256
200282
200260
200249
200254
200260
200257
200311
200292
200261
200337
200263
200307
200248
200247
200287
200264
200247
200238
200290
200288
200265
200275
200261
200336
200285
200274
200266
200247
200256
200272
200272
200272
200260
200269
200270
200252
200260
200276
200268
200254
200255
200258
200289
200307
200305
200326
200250
200242
200275
200263
200277
200322
200268
200270
200283
200305
200249
200301
200268
200277
200280
200255
200274
200265
200296
200246
200263
200284
200273
200271
200278
200268
200293
200309
200302
200256
200363
200277
200251
200273
200294
200266
200264
200265
200250
200255
200253
200237
200273
200253
200240
200274
200316
200264
200266
200234
200266
200253
200286
200263
200257
200270
200228
200271
200260
200255
200263
200259
200263
200284
200254
200249
200253
200260
200287
200250
200270
200290
200248
200265
200253
200245
200286
200272
200290
200239
200240
200241
200269
200293
200261
200253
200291
200287
200271
200271
200299
200252
200280
200250
200239
200310
200252
200291
200265
200238
200273
200262
200301
200248
200291
200332
200264
200252
200232
200302
200267
200281
200278
200231
200245
200258
200278
200290
200264
200256
200254
200308
200292
200294
200252
200238
200249
200302
200280
200262
200254
200277
200243
200257
200249
200286
200327
200258
200251
200290
200235
200256
200252
200252
200321
200263
200249
200262
200285
200257
200239
200288
200216
200271
200237
200235
200289
200283
200338
200293
200280
200299
200304
200264
200286
200267
200266
200263
200258
200266
200268
200279
200288
200267
200278
200298
200252
200247
200237
200253
200275
200230
200344
200265
200251
200251
200278
200238
200223
200235
200291
200242
200259
200247
200251
200252
200272
200268
200216
200262
200270
200274
200270
200262
200264
200263
200301
200261
200271
200255
200283
200251
200244
200268
200230
200262
200239
200277
200258
200270
200242
200264
200248
200267
200254
200269
200321
200274
200234
200301
200260
200271
200248
200284
200251
200251
200274
200239
200280
200279
200299
200283
200252
200312
200247
200289
200263
200291
200267
200263
200253
200288
200284
200256
200277
200271
200267
200282
200273
200261
200304
200256
200266
200257
200270
200251
200270
200242
200342
200251
200254
200263
200265
200270
200270
200288
200250
200258
200305
200253
200277
200287
200253
200275
200249
200253
200261
200240
200275
200262
200243
200261
200267
200260
200225
200232
200244
200256
200273
200270
200239
200260
200312
200287
200290
200267
200363
200277
200332
200250
200266
200243
200294
200259
200273
200262
200255
200254
200258
200290
200277
200277
200268
200299
200285
200264
200296
200243
200255
200225
200272
200253
200276
200241
200272
200248
200262
200271
200278
200265
200242
200264
200258
200282
200270
200278
200269
200270
200259
200269
200274
200256
200261
200286
200270
200252
200252
200265
200239
200243
200258
200238
200290
200254
200252
200319
200267
200232
200225
200239
200252
200306
200252
200245
200255
200279
200300
200240
200241
200312
200245
200282
200285
200263
200241
200279
200270
200248
200287
200298
200243
200276
200251
200262
200265
200257
200261
200270
200257
200268
200244
200250
200229
200270
200253
200258
200269
200286
200280
200244
200380
200256
200262
200263
200246
200295
200258
200243
200242
200250
200274
200295
200255
200271
200280
200300
200310
200283
200276
200255
200256
200269
200239
200258
200242
200292
200245
200280
200274
200324
200274
200330
200238
200259
200259
200242
200264
200305
200258
200308
200250
200262
200296
200267
200249
200285
200281
200272
200256
200274
200271
200238
200315
200257
200290
200246
200275
200245
200288
200264
200242
200232
200269
200258
200247
200305
200294
200313
200251
200278
200248
200268
200264
200252
200223
200269
200256
200293
200250
200281
200279
200280
200286
200273
200304
200236
200260
200248
200255
200234
200294
200227
200268
200260
200265
200265
200245
200276
200259
200306
200256
200268
200234
200274
200272
200254
200307
200321
200275
200279
200269
200263
200290
200247
200331
200266
200317
200246
200289
200259
200270
200277
200259
200300
200272
200251
200294
200248
200276
200287
200274
200289
200260
200249
200278
200269
200275
200246
200272
200302
200273
200277
200265
200242
200228
200224
200327
200268
200257
200288
200278
200276
200265
200297
200250
200254
200287
200236
200282
200263
200266
200286
200256
200258
200246
200282
200270
200276
200274
200238
200344
200275
200240
200267
200238
200253
200265
200272
200269
200238
200251
200270
200244
200283
200273
200264
200263
200236
200288
200296
200242
200228
200243
200248
200263
200269
200244
200269
200282
200254
200248
200259
200234
200264
200254
200263
200310
200233
200265
200262
200220
200249
200283
200278
200322
200302
200260
200265
200261
200280
200258
200299
200273
200275
200261
200269
200281
200304
200247
200250
200261
200272
200264
200296
200271
200268
200258
200321
200291
200254
200284
200278
200303
200256
200257
200271
200244
200274
200230
200297
200253
200266
200255
200364
200280
200285
200244
200273
200276
200297
200273
200277
200276
200289
200233
200261
200266
200248
200267
200310
200252
200285
200272
200293
200251
200251
200285
200250
200279
200289
200273
200236
200291
200256
200260
200269
200298
200323
200305
200292
200250
200267
200275
200264
200254
200265
200254
200261
200299
200261
200254
200295
200271
200255
200265
200308
200232
200269
200261
200254
200264
200247
200265
200266
200246
200263
200250
200260
200263
200252
200260
200270
200243
200284
200270
200308
200260
200274
200258
200267
200251
200283
200253
200256
200267
200271
200236
200368
200264
200282
200225
200258
200274
200254
200248
200289
200259
200295
200263
200249
200250
200284
200295
200287
200250
200263
200257
200281
200267
200250
200238
200249
200268
200299
200248
200246
200304
200301
200229
200247
200306
