200548
200576
200576
200546
200616
200574
200611
200682
200527
200585
200627
200558
200612
200595
200599
200623
200605
200592
200615
200537
200681
200539
200647
200549
200598
200603
200609
200526
200640
200608
200517
200554
200669
200564
200651
200559
200617
200616
200644
200541
200580
200617
200590
200588
200570
200620
200546
200582
200535
200553
200593
200571
200578
200610
200569
200583
200597
200666
200673
200538
200642
200600
200578
200626
200528
200654
200567
200620
200625
200600
200667
200544
200584
200610
200619
200554
200652
200599
200625
200556
200553
200635
200587
200567
200538
200608
200507
200571
200606
200582
200570
200606
200630
200607
200554
200565
200587
200542
200604
200592
200581
200639
200583
200587
200644
200612
200572
200503
200566
200581
200705
200617
200606
200579
200652
200573
200581
200587
200616
200554
200571
200583
200541
200595
200609
200600
200567
200626
200542
200546
200551
200551
200730
200556
200603
200540
200633
200643
200563
200589
200533
200549
200577
200562
200592
200561
200549
200600
200575
200598
200563
200563
200610
200581
200569
200600
200650
200594
200548
200611
200602
200556
200593
200589
200550
200578
200580
200564
200531
200616
200578
200583
200760
200561
200614
200593
200569
200668
200536
200582
200583
200555
200624
200657
200631
200555
200617
200591
200578
200565
200647
200544
200632
200583
200592
200582
200522
200579
200611
200537
200608
200672
200555
200600
200591
200572
200562
200574
200593
200640
200622
200616
200553
200587
200572
200587
200571
200557
200557
200587
200640
200593
200669
200553
200603
200591
200528
200558
200551
200661
200566
200563
200695
200527
200614
200601
200655
200573
200568
200587
200626
200538
200552
200577
200574
200626
200612
200586
200575
200562
200584
200586
200533
200655
200559
200571
200546
200615
200595
200569
200620
200672
200677
200620
200565
200626
200617
200600
200618
200610
200582
200610
200547
200565
200595
200531
200546
200663
200598
200610
200755
200581
200558
200632
200599
200541
200557
200560
200571
200584
200533
200591
200579
200594
200612
200547
200589
200560
200561
200621
200606
200587
200589
200579
200577
200573
200618
200584
200538
200545
200563
200569
200593
200551
200593
200615
200564
200622
200582
200618
200579
200569
200562
200545
200562
200673
200571
200557
200570
200621
200645
200624
200567
200591
200653
200593
200578
200617
200577
200559
200618
200570
200615
200606
200545
200646
200628
200561
200551
200663
200553
200607
200511
200587
200648
200596
200604
200566
200606
200600
200651
200576
200582
200570
200584
200581
200542
200561
200566
200619
200636
200542
200587
200741
200594
200608
200635
200588
200634
200563
200586
200552
200612
200625
200609
200588
200587
200563
200534
200539
200571
200596
200574
200628
200637
200579
200583
200590
200569
200558
200578
200721
200611
200613
200550
200666
200529
200594
200551
200566
200593
200599
200587
200561
200555
200686
200600
200567
200612
200637
200645
200580
200610
200534
200593
200512
200667
200575
200586
200575
200556
200584
200615
200627
200664
200631
200551
200569
200595
200567
200580
200584
200595
200566
200635
200624
200568
200603
200636
200583
200589
200559
200536
200648
200597
200602
200631
200568
200568
200638
200549
200616
200564
200567
200598
200704
200584
200556
200595
200595
200558
200548
200558
200642
200580
200564
200586
200584
200566
200632
200612
200638
200614
200550
200607
200630
200592
200549
200667
200561
200593
200531
200627
200583
200575
200566
200580
200505
200614
200505
200653
200545
200588
200575
200599
200524
200634
200546
200594
200589
200606
200598
200621
200619
200703
200556
200603
200543
200556
200606
200575
200523
200550
200596
200556
200534
200606
200558
200619
200566
200566
200557
200603
200607
200598
200533
200577
200518
200543
200610
200569
200565
200570
200642
200535
200566
200553
200641
200578
200592
200620
200591
200674
200597
200620
200599
200542
200572
200562
200572
200604
200710
200607
200554
200610
200597
200561
200622
200591
200801
200647
200574
200583
200569
200543
200682
200551
200622
200581
200624
200549
200593
200611
200588
200541
200538
200691
200588
200611
200554
200612
200574
200596
200570
200557
200594
200619
200566
200538
200654
200554
200672
200583
200552
200626
200547
200625
200628
200579
200555
200530
200567
200639
200561
200569
200533
200562
200543
200588
200596
200581
200527
200648
200602
200597
200707
200537
200556
200544
200571
200545
200578
200607
200573
200597
200561
200553
200621
200639
200548
200537
200600
200557
200610
200615
200537
200541
200616
200605
200584
200588
200681
200600
200620
200553
200560
200633
200579
200567
200598
200635
200648
200561
200588
200559
200604
200640
200588
200546
200605
200729
200630
200703
200587
200600
200572
200511
200625
200529
200562
200593
200590
200548
200558
200572
200563
200562
200611
200579
200597
200609
200557
200548
200554
200639
200654
200555
200579
200533
200607
200569
200552
200556
200525
200735
200588
200560
200648
200633
200541
200607
200616
200565
200600
200577
200560
200565
200559
200593
200579
200569
200611
200567
200619
200587
200600
200732
200580
200584
200576
200556
200579
200517
200549
200609
200585
200697
200600
200575
200564
200558
200578
200641
200630
200610
200597
200544
200566
200554
200600
200531
200575
200630
200609
200617
200574
200553
200638
200601
200573
200559
200557
200568
200600
200545
200546
200547
200599
200614
200593
200610
200545
200595
200560
200588
200571
200577
200532
200676
200523
200571
200575
200566
200595
200527
200583
200557
200670
200567
200690
200560
200576
200612
200526
200699
200608
200555
200563
200602
200544
200597
200642
200603
200551
200556
200557
200532
200559
200558
200594
200633
200554
200592
200628
200579
200570
200608
200608
200566
200568
200586
200589
200564
200601
200567
200588
200577
200619
200617
200684
200611
200581
200612
200612
200586
200597
200611
200591
200568
200588
200575
200612
200555
200635
200587
200577
200568
200578
200699
200564
200581
200614
200551
200691
200688
200571
200561
200585
200583
200601
200573
200639
200561
200574
200561
200596
200577
200587
200603
200616
200565
200578
200566
200603
200620
200567
200535
200547
200579
200562
200565
200576
200560
200592
200633
200523
200566
200588
200560
200549
200561
200535
200573
200636
200571
200574
200576
200561
200571
200566
200581
200677
200517
200550
200530
200564
200582
200647
200554
200516
200594
200604
200548
200673
200639
200556
200561
200546
200692
200572
200613
200601
200598
200606
200594
200627
200552
200558
200594
200594
200554
200600
200553
200590
200674
200593
200668
200568
200595
200575
200582
200572
200561
200602
200611
200607
200543
200602
200569
200577
200641
200662
200581
200574
200595
200562
200548
200611
200591
200553
200551
200613
200541
200587
200532
200553
200554
200617
200569
200510
200569
200588
200589
200659
200631
200602
200527
200616
200646
200591
200560
200697
200562
200557
200581
200597
200581
200566
200561
200554
200613
200564
200606
200593
200596
200539
200626
200573
200626
200574
200592
200627
200553
200518
200546
200591
200683
200658
200618
200535
200598
200631
200609
200602
200604
200563
200552
200644
200539
200586
200563
200557
200513
200638
200570
200551
200584
200570
200574
200585
200634
200585
200618
200614
200557
200608
200621
200602
200561
200559
200608
200524
200590
200602
200597
200601
200568
200570
200607
200526
200562
200571
200585
200579
200563
200574
200643
200620
200574
200584
200527
200555
200661
200560
200569
200637
200645
200551
200566
200578
200570
200586
200651
200584
200554
200618
200552
200717
200558
200555
200585
200572
200599
200568
200579
200622
200590
200551
200523
200653
200620
200549
200570
200559
200567
200632
200654
200609
200592
200568
200565
200613
200775
200582
200554
200584
200629
200599
200514
200531
200559
200543
200569
200586
200600
200674
200559
200547
200604
200579
200558
200590
200532
200534
200650
200595
200541
200542
200640
200621
200543
200666
200586
200600
200630
200609
200597
200738
200585
200584
200588
200563
200604
200542
200644
200629
200569
200558
200593
200633
200596
200630
200623
200569
200564
200583
200628
200516
200625
200559
200557
200584
200612
200569
200558
200551
200578
200581
200597
200566
200612
200694
200584
200590
200587
200540
200580
200548
200547
200578
200623
200555
200538
200555
200559
200635
200510
200568
200632
200504
200551
200564
200606
200594
200595
200632
200593
200682
200573
200582
200524
200559
200584
200572
200572
200555
200599
200620
200595
200581
200602
200606
200624
200610
200592
200658
200565
200628
200575
200544
200578
200529
200682
200728
200577
200603
200609
200574
200589
200562
200543
200572
200809
200551
200675
200583
200571
200582
200626
200626
200687
200579
200681
200549
200563
200624
200595
200614
200601
200560
200566
200640
200690
200540
200549
200623
200576
200613
200565
200558
200601
200550
200594
200581
200588
200620
200571
200559
200586
200569
200599
200601
200591
200556
200536
200587
200689
200608
200674
200572
200599
200542
200586
200600
200670
200560
200601
200556
200624
200631
200585
200527
200590
200600
200577
200602
200579
200630
200564
200571
200620
200556
200600
200595
200534
200554
200631
200567
200586
200546
200554
200567
200556
200574
200564
200596
200562
200582
200624
200566
200618
200739
200637
200607
200551
200540
200538
200660
200634
200569
200678
200635
200628
200560
200644
200588
200605
200596
200612
200574
200555
200604
200601
200538
200520
200588
200640
200580
200580
200595
200547
200627
200576
200634
200755
200591
200543
200602
200600
200540
200652
200698
200604
200595
200597
200530
200578
200597
200565
200580
200606
200602
200592
200557
200538
200613
200561
200563
200580
200594
200545
200626
200575
200585
200610
200540
200558
200537
200571
200544
200582
200618
200650
200584
200630
200638
200581
200588
200573
200630
200568
200553
200613
200569
200589
200602
200602
200555
200550
200565
200612
200522
200583
200595
200586
200555
200567
200577
200581
200595
200628
200537
200561
200586
200615
200561
200560
200545
200575
200545
200553
200518
200656
200565
200579
200617
200616
200547
200568
200563
200567
200579
200618
200556
200543
200569
200579
200593
200573
200614
200545
200668
200583
200590
200573
200582
200545
200560
200586
200588
200627
200606
200548
200566
200546
200533
200538
200612
200574
200573
200649
200657
200537
200597
200576
200646
200685
200614
200512
200596
200548
200581
200579
200578
200561
200598
200536
200658
200541
200614
200553
200650
200585
200645
200613
200544
200647
200630
200593
200578
200600
200604
200564
200672
200622
200569
200524
200601
200526
200627
200557
200528
200557
200557
200669
200580
200580
200612
200591
200528
200556
200578
200582
200579
200549
200619
200571
200565
200585
200577
200620
200618
200566
200600
200566
200601
200603
200587
200672
200578
200645
200526
200570
200551
200550
200559
200533
200600
200582
200567
200576
200551
200644
200601
200584
200590
200627
200690
200668
200534
200555
200577
200589
200591
200608
200561
200564
200700
200679
200646
200648
200561
200636
200579
200534
200550
200560
200561
200563
200561
200591
200578
200620
200638
200561
200609
200561
200603
200581
200561
200533
200565
200692
200568
200621
200651
200571
200705
200592
200594
200554
200574
200613
200584
200584
200626
200577
200555
200651
200641
200607
200589
200641
200585
200637
200606
200574
200635
200595
200619
200614
200562
200579
200680
200652
200578
200611
200587
200597
200589
200560
200551
200590
200608
200603
200640
200584
200608
200562
200615
200588
200572
200585
200516
200677
200544
200594
200568
200548
200597
200557
200552
200603
200589
200569
200556
200641
200528
200597
200563
200591
200586
200722
200579
200557
200618
200599
200552
200596
200541
200570
200633
200561
200661
200594
200563
200573
200725
200586
200566
200528
200561
200607
200579
200625
200587
200606
200552
200583
200564
200655
200513
200687
200648
200602
200608
200588
200543
200594
200616
200555
200596
200606
200525
200587
200585
200586
200566
200642
200593
200550
200596
200549
200596
200603
200540
200623
200585
200581
200552
200523
200562
200551
200558
200627
200607
200632
200602
200590
200585
200641
200580
200564
200610
200546
200549
200560
200597
200567
200509
200591
200575
200592
200651
200571
200613
200579
200542
200605
200564
200628
200599
200607
200549
200570
200558
200605
200608
200590
200624
200613
200604
200562
200565
200517
200553
200520
200613
200600
200588
200614
200522
200536
200546
200583
200582
200674
200559
200643
200562
200547
200622
200574
200574
200555
200575
200622
200585
200652
200612
200586
200603
200618
200585
200595
200595
200610
200599
200554
200598
200598
200631
200643
200564
200550
200533
200594
200590
200592
200563
200565
200618
200573
200669
200556
200623
200612
200535
200628
200560
200623
200541
200591
200586
200571
200602
200542
200561
200582
200578
200586
200554
200652
200593
200586
200561
200568
200549
200637
200643
200586
200574
200559
200573
200575
200558
200660
200592
200559
200577
200603
200564
200604
200556
200521
200583
200652
200594
200560
200584
200614
200607
200572
200639
200564
200642
200523
200595
200596
200590
200608
200587
200580
200560
200567
200620
200563
200582
200588
200551
200564
200585
200636
200611
200560
200589
200579
200616
200534
200555
200589
200588
200541
200608
200612
200568
200509
200563
200617
200644
200599
200635
200581
200586
200626
200534
200612
200549
200599
200614
200518
200576
200531
200621
200532
200557
200576
200572
200554
200553
200590
200598
200571
200546
200581
200543
200539
200565
200538
200523
200677
200587
200565
200580
200535
200634
200559
200547
200527
200600
200559
200591
200547
200630
200529
200577
200597
200600
200575
200560
200599
200530
200622
200600
200569
200587
200620
200598
200664
200550
200616
200581
200607
200592
200575
200561
200591
200646
200569
200654
200562
200585
200618
200534
200584
200553
200551
200645
200600
200575
200562
200627
200621
200587
200551
200590
200626
200646
200656
200579
200559
200591
200582
200565
200565
200605
200630
200581
200604
200613
200671
200547
200604
200611
200601
200563
200552
200600
200580
200610
200585
200588
200590
200576
200565
200562
200562
200595
200546
200556
200581
200642
200590
200528
200508
200545
200568
200564
200609
200610
200625
200593
200564
200592
200573
200644
200601
200570
200569
200676
200680
200543
200533
200587
200612
200607
200565
200532
200541
200545
200667
200551
200580
200583
200540
200593
200542
200589
200623
200596
200610
200590
200528
200602
200562
200600
200571
200582
200585
200600
200608
200547
200573
200607
200547
200541
200606
200762
200539
200565
200566
200632
200688
200529
200528
200562
200665
200632
200549
200624
200637
200635
200606
200578
200586
200567
200701
200581
200617
200575
200620
200661
200565
200585
200688
200567
200637
200604
200614
200554
200558
200575
200557
200546
200569
200570
200545
200623
200561
200539
200627
200545
200586
200595
200590
200520
200612
200526
200597
200596
200645
200549
200595
200556
200562
200603
200634
200601
200603
200589
200541
200584
200548
200554
200578
200630
200554
200604
200591
200588
200601
200589
200581
200712
200610
200547
200565
200634
200586
200536
200566
200568
200612
200587
200605
200595
200631
200590
200577
200546
200590
200597
200544
200584
200538
200556
200550
200544
200624
200632
200649
200588
200596
200529
200609
200603
200542
200618
200553
200579
200595
200583
200562
200639
200574
200585
200569
200577
200582
200567
200550
200647
200587
200565
200582
200584
200606
200669
200619
200584
200862
200546
200638
200575
200550
200575
200658
200652
200576
200561
200583
200614
200552
200541
200543
200557
200557
200604
200588
200548
200645
200656
200549
200644
200587
200543
200600
200633
200636
200578
200546
200604
200646
200591
200620
200548
200606
200526
200590
200592
200542
200555
200641
200579
200598
200584
200551
200594
200575
200670
200570
200550
200552
200643
200582
200556
200573
200584
200536
200559
200577
200633
200534
200618
200519
200549
200568
200548
200591
200586
200622
200575
200600
200581
200579
200589
200591
200537
200543
200567
200561
200600
200571
200602
200560
200610
200627
200654
200588
200584
200626
200538
200611
200574
200522
200566
200558
200556
200625
200585
200568
200538
200666
200564
200652
200617
200561
200559
200673
200622
200675
200554
200555
200598
200701
200559
200539
200597
200598
200658
200556
200630
200560
200675
200555
200563
200804
200506
200579
200644
200576
200580
200510
200728
200583
200515
200706
200584
200574
200600
200582
200596
200560
200703
200561
200543
200583
200571
200593
200632
200561
200589
200586
200554
200523
200565
200539
200538
200684
200551
200533
200617
200565
200589
200614
200603
200570
200634
200560
200568
200607
200571
200675
200585
200632
200557
200566
200558
200596
200632
200584
200552
200567
200571
200532
200662
200571
200578
200542
200602
200531
200574
200600
200565
200573
200563
200549
200541
200545
200608
200567
200598
200628
200577
200624
200696
200620
200639
200569
200624
200553
200613
200645
200577
200564
200580
200574
200558
200555
200621
200632
200578
200584
200508
200640
200561
200546
200597
200607
200701
200608
200579
200582
200547
200586
200578
200584
200568
200607
200600
200662
200558
200551
200570
200530
200562
200591
200543
200551
200563
200523
200556
200549
200620
200586
200590
200608
200575
200588
200568
200606
200582
200606
200562
200630
200579
200591
200570
200662
200594
200542
200564
200549
200568
200581
200624
200563
200536
200521
200533
200577
200559
200581
200564
200609
200599
200587
200535
200597
200559
200562
200596
200705
200585
200640
200510
200646
200526
200577
200601
200589
200589
200635
200605
200608
200578
200599
200569
200563
200601
200569
200581
200610
200668
200592
200574
200552
200579
200608
200646
200601
200616
200565
200551
200560
200588
200555
200568
200577
200564
200584
200628
200582
200558
200755
200597
200605
200596
200554
200632
200627
200578
200547
200622
200560
200570
200533
200587
200573
200599
200565
200638
200582
200571
200607
200602
200615
200548
200742
200567
200601
200572
200620
200582
200565
200725
200568
200553
200534
200677
200551
200598
200551
200550
200561
200555
200567
200603
200585
200531
200579
200554
200541
200658
200550
200558
200601
200604
200682
200595
200580
200552
200596
200579
200560
200615
200526
200572
200586
200524
200608
200590
200590
200655
200561
200645
200556
200593
200556
200583
200538
200564
200571
200615
200564
200688
200631
200568
200596
200581
200558
200595
200559
200564
200587
200573
200556
200577
200542
200565
200602
200572
200600
200553
200616
200558
200563
200541
200568
200820
200576
200562
200621
200672
200648
200579
200590
200610
200579
200634
200541
200554
200579
200540
200565
200545
200589
200574
200563
200574
200613
200613
200572
200601
200548
200634
200561
200614
200544
200557
200589
200565
200578
200561
200664
200610
200561
200771
200589
200574
200581
200620
200615
200601
200604
200592
200589
200612
200640
200661
200572
200662
200592
200603
200554
200554
200588
200626
200610
200692
200574
200586
200554
200568
200573
200561
200626
200604
200550
200627
200564
200620
200548
200570
200582
200543
200575
200582
200617
200662
200680
200576
200618
200605
200658
200606
200691
200637
200561
200560
200605
200523
200673
200619
200613
200544
200575
200571
200596
200635
200540
200623
200642
200555
200592
200594
200544
200589
200599
200618
200591
200630
200643
200587
200545
200652
200564
200591
200641
200559
200560
200575
200632
200558
200581
200588
200585
200595
200565
200576
200566
200616
200567
200568
200644
200578
200550
200580
200554
200685
200696
200692
200571
200631
200595
200578
200541
200582
200550
200607
200617
200566
200597
200582
200607
200590
200620
200617
200543
200575
200571
200541
200566
200566
200595
200598
200519
200683
200563
200605
200616
200712
200550
200603
200586
200571
200696
200571
200699
200596
200551
200637
200538
200670
200583
200571
200643
200618
200577
200680
200570
200537
200571
200537
200543
200550
200550
200631
200575
200579
200622
200601
200567
200587
200564
200572
200557
200577
200574
200571
200634
200559
200599
200595
200619
200603
200592
200569
200568
200538
200601
200590
200620
200591
200563
200516
200579
200582
200570
200593
200553
200666
200538
200567
200591
200623
200572
200663
200605
200578
200635
200662
200595
200582
200575
200634
200569
200564
200599
200606
200573
200593
200635
200602
200549
200564
200610
200565
200543
200580
200593
200581
200554
200562
200610
200554
200645
200652
200551
200544
200587
200592
200639
200626
200537
200565
200568
200564
200544
200582
200569
200582
200571
200633
200617
200635
200596
200608
200587
200631
200643
200589
200531
200521
200598
200628
200536
200562
200644
200559
200568
200660
200583
200547
200596
200568
200595
200575
200688
200557
200552
200575
200620
200604
200559
200537
200575
200582
200509
200555
200619
200567
200580
200588
200595
200549
200546
200532
200559
200634
200541
200572
200560
200549
200637
200549
200564
200584
200521
200538
200645
200643
200609
200657
200557
200626
200553
200585
200558
200609
200563
200578
200632
200606
200548
200549
200582
200620
200580
200654
200571
200549
200551
200570
200570
200551
200596
200551
200549
200560
200573
200643
200622
200665
200608
200592
200529
200562
200562
200538
200591
200609
200592
200604
200622
200575
200573
200601
200576
200555
200576
200587
200625
200549
200528
200598
200611
200556
200594
200549
200589
200591
200531
200641
200572
200595
200582
200562
200643
200591
200551
200538
200560
200581
200635
200568
200575
200610
200613
200597
200698
200568
200575
200576
200673
200555
200552
200594
200604
200598
200642
200595
200559
200614
200574
200522
200548
200615
200580
200582
200554
200602
200595
200596
200663
200571
200722
200684
200589
200598
200589
200579
200579
200540
200531
200599
200587
200568
200624
200573
200582
200538
200560
200580
200676
200609
200585
200544
200671
200535
200563
200538
200617
200500
200524
200550
200550
200519
200586
200644
200609
200610
200541
200552
200591
200553
200583
200610
200561
200566
200564
200540
200718
200554
200546
200522
200555
200631
200559
200649
200633
200553
200537
200554
200589
200576
200601
200590
200632
200549
200546
200617
200541
200583
200557
200618
200542
200535
200612
200642
200597
200692
200559
200574
200548
200568
200621
200561
200578
200559
200568
200606
200620
200567
200568
200592
200602
200535
200610
200585
200520
200561
200596
200634
200562
200628
200562
200563
200640
200596
200529
200575
200582
200592
200597
200649
200634
200562
200550
200585
200585
200589
200559
200594
200569
200573
200520
200572
200531
200547
200545
200599
200580
200603
200545
200596
200585
200593
200567
200630
200551
200581
200595
200590
200582
200573
200645
200555
200607
200574
200617
200600
200579
200622
200540
200611
200661
200538
200572
200541
200592
200591
200596
200588
200630
200624
200541
200535
200730
200583
200511
200603
200594
200576
200637
200562
200549
200609
200616
200575
200494
200609
200586
200631
200606
200581
200579
200543
200672
200570
200571
200539
200554
200631
200583
200552
200662
200567
200684
200568
200616
200577
200584
200574
200564
200596
200550
200611
200583
200552
200641
200592
200650
200547
200571
200551
200560
200597
200558
200558
200620
200607
200553
200570
200589
200608
200586
200564
200617
200583
200586
200568
200543
200536
200630
200535
200590
200680
200606
200574
200611
200599
200543
200632
200570
200555
200554
200596
200571
200737
200548
200712
200545
200647
200568
200575
200525
200606
200619
200557
200584
200564
200576
200608
200536
200556
200592
200627
200595
200613
200616
200639
200589
200566
200622
200507
200588
200600
200563
200589
200528
200566
200581
200572
200546
200711
200628
200684
200544
200564
200561
200578
200594
200598
200574
200612
200628
200580
200610
200538
200524
200526
200616
200545
200552
200545
200591
200546
200553
200583
200526
200577
200586
200571
200567
200622
200624
200588
200649
200527
200541
200620
200601
200637
200573
200551
200590
200558
200594
200630
200545
200636
200547
200557
200596
200574
200571
200561
200574
200564
200586
200526
200549
200566
200575
200652
200549
200512
200624
200521
200559
200639
200628
200594
200523
200552
200570
200550
200651
200618
200624
200609
200560
200602
200557
200574
200563
200543
200538
200611
200610
200610
200610
200604
200569
200559
200588
200552
200581
200570
200624
200606
200611
200535
200594
200529
200590
200602
200600
200624
200602
200566
200554
200642
200554
200736
200557
200599
200558
200614
200588
200598
200564
200567
200596
200623
200570
200641
200546
200588
200644
200561
200579
200610
200579
200637
200594
200557
200566
200556
200623
200568
200618
200621
200560
200604
200574
200597
200608
200572
200573
200577
200600
200606
200685
200593
200663
200568
200704
200532
200612
200592
200645
200570
200560
200584
200601
200555
200647
200547
200584
200587
200581
200557
200517
200529
200611
200538
200534
200565
200607
200638
200536
200620
200617
200551
200588
200582
200606
200533
200588
200604
200520
200618
200559
200550
200628
200542
200621
200559
200562
200569
200556
200555
200573
200642
200543
200614
200552
200572
200539
200577
200609
200593
200543
200569
200548
200603
200531
200575
200569
200655
200550
200642
200590
200608
200656
200712
200558
200532
200564
200521
200686
200582
200550
200626
200631
200535
200652
200605
200646
200556
200563
200706
200574
200589
200592
200669
200575
200617
200599
200530
200543
200596
200572
200586
200565
200597
200637
200555
200610
200630
200556
200697
200592
200546
200583
200627
200588
200596
200537
200557
200560
200543
200526
200591
200636
200567
200556
200543
200606
200584
200600
200542
200551
200595
200635
200598
200617
200550
200563
200661
200540
200562
200585
200567
200575
200568
200592
200554
200626
200584
200574
200547
200598
200608
200558
200546
200574
200576
200566
200604
200511
200573
200543
200664
200549
200634
200614
200563
200607
200594
200584
200668
200538
200587
200552
200573
200612
200579
200573
200528
200609
200620
200577
200634
200563
200625
200575
200594
200564
200541
200585
200637
200581
200582
200633
200526
200611
200648
200541
200606
200623
200588
200632
200575
200544
200615
200623
200588
200564
200586
200638
200608
200625
200572
200563
200578
200588
200535
200568
200533
200593
200615
200556
200552
200571
200595
200592
200587
200546
200533
200601
200557
200578
200600
200596
200561
200528
200545
200641
200738
200598
200571
200609
200581
200547
200568
200571
200542
200607
200580
200555
200618
200585
200564
200594
200529
200556
200547
200585
200556
200540
200712
200648
200579
200549
200667
200562
200632
200690
200544
200623
200553
200558
200649
200653
200621
200564
200601
200585
200652
200567
200562
200576
200754
200619
200611
200569
200618
200575
200578
200590
200646
200676
200619
200601
200613
200568
200553
200563
200572
200565
200593
200516
200576
200607
200549
200614
200571
200615
200572
200556
200552
200588
200555
200528
200561
200552
200572
200607
200573
200541
200625
200583
200579
200553
200596
200649
200585
200592
200554
200580
200611
200544
200575
200538
200562
200565
200602
200594
200613
200566
200651
200600
200629
200537
200563
200559
200619
200608
200549
200597
200611
200599
200565
200619
200615
200613
200602
200541
200603
200587
200698
200615
200553
200642
200605
200535
200629
200544
200589
200546
200578
200567
200567
200593
200558
200572
200610
200543
200653
200581
200564
200597
200558
200554
200553
200585
200649
200602
200609
200588
200564
200680
200690
200551
200582
200632
200546
200624
200551
200564
200615
200625
200553
200577
200610
200545
200595
200539
200589
200571
200599
200586
200601
200535
200673
200601
200575
200582
200606
200610
200580
200669
200557
200531
200589
200554
200573
200596
200540
200557
200571
200609
200549
200580
200569
200593
200567
200698
200589
200532
200669
200622
200518
200565
200656
200604
200604
200620
200574
200560
200648
200619
200609
200610
200595
200646
200578
200658
200598
200645
200600
200638
200607
200577
200570
200557
200674
200557
200584
200592
200647
200593
200535
200569
200599
200589
200642
200606
200588
200577
200605
200615
200555
200577
200589
200584
200601
200649
200545
200564
200607
200566
200629
200570
200559
200592
200629
200594
200602
200600
200667
200612
200570
200542
200537
200602
200591
200520
200574
200622
200574
200580
200557
200634
200615
200565
200674
200555
200581
200587
200552
200572
200524
200572
200643
200602
200668
200576
200560
200583
200683
200598
200629
200598
200621
200572
200561
200593
200627
200570
200636
200560
200789
200589
200564
200569
200613
200623
200596
200597
200627
200569
200634
200544
200554
200564
200619
200544
200576
200548
200568
200515
200623
200545
200542
200593
200612
200611
200579
200592
200561
200619
200520
200529
200557
200552
200592
200639
200568
200592
200571
200549
200632
200578
200588
200543
200713
200617
200591
200624
200713
200554
200549
200566
200566
200596
200519
200550
200561
200520
200550
200566
200575
200526
200602
200592
200578
200608
200626
200582
200619
200676
200563
200574
200601
200562
200544
200552
200545
200574
200680
200591
200620
200589
200629
200501
200514
200725
200525
200569
200593
200599
200564
200590
200605
200514
200650
200543
200541
200562
200635
200551
200668
200558
200545
200581
200576
200549
200607
200557
200589
200551
200600
200562
200518
200545
200569
200575
200585
200552
200584
200628
200580
200575
200512
200570
200649
200546
200588
200613
200631
200551
200581
200627
200566
200604
200607
200680
200538
200633
200563
200563
200533
200524
200617
200613
200561
200645
200703
200578
200606
200576
200535
200623
200588
200604
200602
200570
200553
200599
200541
200553
200553
200576
200597
200586
200529
200556
200655
200597
200590
200616
200566
200583
200598
200598
200580
200556
200568
200533
200582
200574
200605
200570
200637
200639
200604
200595
200589
200602
200592
200627
200579
200558
200597
200682
200575
200623
200546
200600
200539
200545
200603
200614
200663
200562
200648
200651
200523
200581
200616
200552
200661
200538
200621
200592
200546
200544
200638
200530
200589
200560
200608
200558
200580
200505
200636
200592
200538
200602
200542
200526
200602
200542
200565
200565
200559
200762
200579
200590
200563
200610
200577
200669
200572
200588
200608
200648
200666
200773
200652
200584
200610
200578
200620
200599
200558
200528
200576
200540
200598
200557
200601
200597
200566
200563
200600
200606
200586
200614
200549
200539
200627
200627
200633
200577
200569
200592
200677
200550
200581
200519
200567
200579
200550
200591
200588
200575
200642
200575
200611
200634
200538
200506
200635
200567
200596
200648
200612
200563
200557
200584
200528
200525
200620
200558
200551
200603
200617
200602
200560
200571
200567
200585
200610
200599
200600
200559
200789
200617
200588
200564
200561
200584
200636
200583
200674
200556
200623
200556
200558
200601
200571
200567
200538
200563
200624
200572
200601
200562
200578
200556
200537
200693
200583
200542
200607
200549
200608
200608
200550
200571
200649
200574
200591
200636
200632
200557
200562
200593
200591
200632
200548
200582
200543
200600
200600
200540
200578
200553
200574
200596
200555
200631
200596
200543
200555
200565
200627
200537
200604
200564
200611
200533
200596
200594
200548
200544
200580
200629
200644
200581
200588
200541
200579
200618
200538
200552
200572
200560
200687
200619
200537
200581
200735
200512
200586
200608
200563
200577
200597
200655
200603
200641
200656
200564
200552
200559
200516
200556
200571
200563
200581
200604
200565
200560
200670
200541
200536
200564
200568
200543
200575
200569
200614
200552
200593
200569
200573
200564
200540
200598
200604
200603
200593
200576
200683
200640
200575
200550
200698
200594
200651
200610
200594
200594
200590
200601
200569
200531
200535
200587
200571
200532
200581
200653
200560
200566
200649
200610
200605
200598
200565
200571
200573
200598
200591
200651
200594
200596
200668
200555
200601
200592
200571
200608
200580
200548
200574
200669
200620
200586
200527
200586
200589
200556
200578
200565
200570
200556
200607
200602
200603
200539
200545
200717
200606
200590
200587
200633
200588
200615
200633
200545
200574
200621
200582
200641
200657
200577
200602
200566
200577
200636
200581
200609
200586
200559
200603
200564
200591
200573
200595
200750
200620
200585
200567
200564
200584
200615
200614
200642
200587
200616
200549
200569
200653
200550
200587
200547
200626
200598
200574
200528
200573
200537
200557
200577
200529
200598
200596
200595
200565
200540
200563
200553
200558
200549
200542
200567
200616
200644
200614
200555
200729
200594
200614
200557
200557
200640
200573
200568
200623
200565
200565
200634
200554
200595
200633
200558
200582
200630
200640
200561
200654
200543
200559
200646
200552
200548
200642
200582
200548
200609
200594
200571
200591
200608
200598
200603
200535
200596
200584
200767
200568
200594
200547
200538
200530
200566
200571
200605
200592
200581
200584
200562
200623
200597
200580
200552
200609
200535
200550
200571
200556
200601
200610
200641
200552
200629
200549
200616
200693
200592
200605
200571
200615
200573
200648
200594
200602
200593
200580
200644
200570
200559
200579
200643
200547
200612
200581
200541
200536
200521
200569
200598
200575
200584
200567
200583
200600
200590
200644
200636
200532
200637
200570
200588
200542
200544
200632
200624
200592
200554
200557
200610
200554
200596
200638
200610
200565
200541
200622
200668
200563
200589
200613
200544
200596
200578
200546
200563
200615
200581
200625
200532
200548
200635
200631
200611
200622
200561
200515
200563
200606
200539
200623
200614
200568
200594
200588
200558
200555
200629
200566
200574
200594
200569
200533
200568
200583
200615
200525
200582
200575
200583
200593
200568
200595
200563
200586
200596
200567
200612
200623
200591
200568
200600
200539
200621
200574
200695
200530
200690
200558
200603
200640
200574
200551
200637
200610
200575
200610
200588
200573
200576
200578
200574
200569
200604
200512
200592
200569
200553
200546
200589
200607
200587
200566
200610
200587
200631
200621
200535
200583
200557
200630
200571
200665
200609
200625
200561
200588
200614
200588
200642
200577
200576
200605
200543
200591
200562
200651
200587
200640
200584
200597
200554
200610
200641
200620
200590
200540
200671
200599
200638
200554
200532
200561
200525
200579
200588
200610
200671
200539
200569
200649
200562
200589
200562
200577
200664
200597
200521
200558
200617
200569
200569
200547
200548
200558
200615
200600
200595
200589
200572
200506
200547
200606
200561
200539
200578
200624
200637
200609
200535
200557
200549
200624
200641
200631
200577
200611
200609
200608
200630
200565
200536
200561
200588
200563
200580
200564
200574
200603
200579
200562
200573
200642
200576
200537
200549
200656
200605
200551
200557
200552
200577
200568
200563
200540
200592
200599
200643
200601
200591
200598
200580
200602
200576
200542
200559
200539
200566
200558
200550
200633
200512
200633
200582
200555
200599
200604
200555
200616
200623
200575
200562
200574
200589
200588
200580
200600
200583
200556
200563
200598
200665
200574
200787
200558
200682
200607
200568
200552
200580
200645
200585
200622
200624
200541
200568
200563
200685
200586
200601
200688
200555
200591
200608
200522
200547
200671
200624
200626
200613
200681
200566
200688
200614
200556
200557
200609
200552
200640
200556
200583
200575
200551
200590
200507
200558
200537
200588
200578
200604
200602
200623
200546
200521
200597
200618
200597
200569
200563
200580
200613
200606
200629
200547
200538
200545
200576
200624
200564
200576
200599
200628
200548
200562
200583
200685
200654
200573
200621
200587
200571
200593
200587
200555
200606
200585
200618
200588
200565
200648
200535
200566
200554
200583
200585
200617
200573
200564
200592
200523
200612
200611
200563
200558
200589
200622
200566
200575
200589
200602
200629
200624
200586
200580
200541
200608
200587
200616
200569
200585
200574
200612
200589
200530
200584
200597
200594
200530
200584
200575
200576
200601
200610
200582
200654
200538
200553
200587
200591
200559
200549
200557
200588
200603
200618
200546
200709
200574
200557
200607
200595
200616
200554
200546
200567
200596
200592
200598
200546
200552
200529
200571
200638
200628
200611
200584
200700
200599
200556
200654
200559
200644
200603
200562
200580
200566
200535
200546
200604
200557
200568
200566
200593
200587
200590
200565
200543
200670
200547
200552
200604
200594
200612
200547
200525
200560
200535
200553
200547
200577
200520
200590
200647
200619
200639
200603
200548
200569
200548
200614
200635
200627
200649
200619
200627
200621
200548
200570
200545
200547
200596
200644
200583
200562
200554
200547
200525
200602
200573
200670
200549
200561
200597
200611
200629
200732
200530
200512
200587
200535
200581
200633
200599
200600
200559
200585
200615
200587
200647
200580
200668
200576
200549
200572
200600
200616
200557
200629
200570
200606
200598
200542
200540
200565
200623
200614
200526
200594
200542
200597
200571
200550
200572
200658
200599
200603
200564
200579
200621
200527
200606
200556
200598
200571
200538
200597
200567
200542
200572
200621
200568
200601
200515
200564
200569
200619
200547
200672
200565
200582
200582
200595
200638
200634
200572
200613
200525
200590
200554
200625
200674
200571
200537
200626
200564
200571
200633
200575
200588
200653
200558
200593
200559
200595
200545
200547
200614
200700
200618
200603
200608
200569
200636
200529
200567
200634
200599
200612
200625
200592
200556
200600
200581
200531
200675
200591
200565
200596
200528
200562
200701
200602
200525
200587
200596
200552
200540
200595
200589
200712
200562
200558
200569
200558
200538
200597
200598
200637
200535
200530
200586
200518
200573
200567
200579
200634
200635
200564
200649
200635
200579
200604
200605
200635
200581
200581
200652
200589
200603
200570
200604
200555
200542
200563
200571
200624
200564
200625
200593
200563
200615
200545
200606
200585
200547
200624
200579
200563
200644
200576
200607
200627
200576
200543
200548
200634
200655
200636
200521
200622
200554
200579
200532
200567
200574
200549
200670
200600
200592
200675
200741
200604
200614
200636
200574
200541
200567
200591
200569
200547
200574
200567
200531
200594
200580
200582
200578
200584
200608
200584
200606
200584
200597
200572
200609
200549
200593
200576
200593
200560
200566
200588
200545
200565
200556
200565
200591
200570
200609
200549
200623
200604
200535
200562
200590
200566
200573
200561
200550
200531
200573
200552
200587
200536
200560
200593
200621
200534
200576
200603
200608
200601
200636
200557
200744
200563
200590
200599
200600
200614
200663
200576
200551
200621
200626
200559
200564
200606
200564
200593
200636
200569
200578
200641
200584
200556
200681
200562
200517
200591
200520
200569
200573
200564
200642
200604
200550
200649
200564
200550
200608
200675
200594
200552
200595
200633
200542
200601
200547
200522
200588
200599
200627
200595
200602
200607
200589
200560
200614
200548
200594
200584
200572
200600
200552
200573
200578
200593
200571
200570
200549
200591
200607
200530
200603
200609
200603
200601
200555
200627
200538
200565
200542
200612
200599
200600
200649
200516
200639
200559
200599
200616
200581
200541
200529
200564
200566
200568
200566
200547
200603
200580
200577
200574
200541
200615
200619
200619
200566
200539
200540
200601
200549
200593
200597
200550
200555
200571
200678
200615
200561
200555
200600
200591
200569
200593
200527
200604
200539
200639
200615
200654
200557
200627
200559
200598
200549
200594
200556
200562
200529
200610
200555
200603
200582
200552
200535
200568
200524
200574
200574
200575
200540
200578
200557
200550
200624
200569
200583
200576
200577
200636
200561
200551
200606
200559
200556
200553
200526
200598
200549
200560
200596
200587
200551
200574
200579
200584
200605
200527
200582
200631
200619
200607
200572
200573
200515
200582
200610
200531
200585
200606
200562
200551
200598
200573
200550
200612
200573
200605
200680
200619
200632
200638
200540
200594
200590
200607
200606
200576
200580
200609
200589
200578
200592
200592
200584
200586
200510
200543
200558
200556
200600
200569
200500
200572
200563
200575
200573
200584
200624
200544
200614
200563
200628
200518
200620
200583
200579
200595
200567
200621
200622
200610
200564
200549
200570
200621
200610
200616
200587
200602
200593
200613
200559
200565
200601
200576
200573
200571
200583
200597
200594
200540
200568
200667
200572
200544
200644
200626
200575
200530
200543
200534
200598
200608
200530
200615
200563
200572
200569
200548
200580
200585
200555
200581
200614
200586
200572
200591
200587
200547
200520
200553
200526
200565
200593
200643
200592
200595
200669
200581
200654
200542
200606
200608
200675
200572
200603
200601
200550
200612
200654
200570
200553
200606
200578
200589
200555
200590
200596
200621
200602
200550
200597
200593
200545
200653
200597
200608
200555
200557
200577
200546
200529
200550
200515
200674
200651
200565
200568
200640
200549
200589
200591
200625
200553
200584
200629
200638
200575
200687
200534
200562
200651
200518
200546
200627
200598
200598
200580
200582
200567
200578
200576
200552
200650
200594
200575
200639
200638
200555
200594
200528
200593
200575
200556
200549
200567
200602
200606
200602
200619
200649
200539
200579
200576
200562
200566
200589
200582
200563
200538
200583
200623
200561
200541
200575
200499
200587
200671
200594
200578
200575
200664
200610
200543
200574
200590
200569
200567
200581
200607
200567
200604
200513
200593
200581
200582
200568
200648
200571
200590
200578
200607
200559
200542
200602
200544
200596
200585
200593
200588
200598
200566
200605
200578
200537
200564
200588
200570
200607
200553
200551
200602
200599
200563
200628
200628
200602
200558
200685
200546
200540
200561
200637
200578
200595
200565
200634
200610
200582
200524
200552
200560
200591
200608
200574
200602
200595
200645
200576
200602
200556
200576
200615
200552
200670
200596
200606
200587
200605
200602
200551
200571
200574
200589
200640
200559
200542
200583
200522
200562
200527
200588
200557
200573
200557
200574
200596
200589
200534
200576
200610
200556
200628
200578
200573
200639
200699
200584
200634
200573
200557
200582
200549
200591
200575
200606
200574
200559
200576
200591
200630
200551
200607
200498
200604
200559
200636
200529
200538
200576
200576
200581
200604
200586
200562
200634
200588
200627
200555
200581
200669
200562
200579
200599
200583
200599
200594
200588
200550
200572
200524
200589
200622
200627
200583
200636
200571
200556
200554
200644
200537
200532
200608
200574
200594
200591
200559
200573
200576
200624
200575
200609
200591
200594
200575
200548
200575
200572
200617
200548
200550
200616
200614
200565
200542
200586
200615
200562
200697
200554
200582
200544
200566
200743
200574
200613
200551
200558
200568
200604
200603
200578
200605
200567
200574
200563
200608
200599
200551
200666
200605
200608
200601
200593
200620
200553
200584
200600
200570
200582
200625
200620
200609
200630
200570
200503
200623
200588
200615
200674
200558
200531
200595
200624
200604
200577
200755
200599
200658
200552
200627
200622
200605
200590
200658
200578
200547
200624
200569
200511
200527
200642
200596
200617
200548
200593
200581
200600
200540
200553
200530
200627
200614
200604
200618
200553
200542
200598
200606
200701
200568
200624
200545
200614
200591
200581
200587
200598
200602
200646
200553
200549
200566
200549
200577
200539
200650
200562
200614
200621
200593
200545
200562
200607
200651
200566
200585
200581
200569
200545
200584
200536
200546
200633
200567
200600
200642
200577
200607
200573
200619
200593
200617
200545
200519
200584
200548
200571
200568
200638
200559
200575
200543
200616
200592
200574
200619
200589
200624
200582
200612
200572
200645
200561
200552
200543
200593
200558
200560
200667
200564
200550
200599
200676
200532
200614
200576
200584
200597
200576
200595
200579
200597
200595
200586
200560
200593
200585
200597
200620
200631
200562
200681
200694
200628
200670
200614
200576
200545
200632
200604
200571
200597
200602
200533
200559
200571
200538
200548
200548
200605
200585
200598
200554
200707
200607
200554
200660
200524
200563
200560
200590
200625
200714
200564
200549
200601
200575
200667
200536
200581
200604
200610
200651
200607
200550
200605
200519
200557
200577
200549
200580
200611
200638
200598
200561
200536
200550
200513
200639
200632
200614
200544
200576
200607
200578
200522
200586
200625
200598
200600
200529
200585
200615
200574
200602
200618
200570
200526
200594
200537
200586
200648
200551
200539
200614
200589
200679
200595
200648
200533
200661
200602
200550
200563
200618
200562
200549
200590
200547
200590
200563
200631
200573
200563
200589
200621
200598
200547
200564
200553
200568
200569
200586
200619
200585
200638
200557
200572
200556
200588
200546
200699
200650
200608
200538
200598
200566
200612
200625
200649
200672
200533
200591
200621
200573
200558
200562
200632
200688
200559
200588
200578
200532
200579
200557
200605
200584
200605
200643
200606
200640
200647
200591
200575
200650
200573
200599
200569
200644
200631
200557
200554
200607
200574
200620
200612
200564
200623
200585
200637
200582
200555
200593
200595
200615
200561
200612
200598
200557
200624
200572
200600
200555
200646
200607
200569
200582
200517
200574
200543
200633
200621
200633
200566
200635
200578
200594
200599
200572
200597
200567
200541
200641
200603
200673
200674
200561
200584
200539
200577
200520
200730
200545
200564
200556
200611
200647
200607
200544
200575
200594
200545
200554
200640
200593
200708
200655
200588
200655
200567
200609
200531
200579
200554
200582
200623
200630
200590
200560
200598
200601
200623
200593
200557
200678
200600
200582
200578
200545
200519
200557
200536
200587
200603
200591
200562
200573
200594
200574
200626
200560
200655
200542
200569
200547
200537
200589
200568
200538
200567
200614
200616
200603
200537
200592
200650
200546
200616
200589
200607
200571
200550
200609
200648
200612
200640
200610
200619
200520
200570
200545
200637
200583
200579
200581
200570
200540
200584
200616
200593
200588
200631
200600
200564
200571
200595
200615
200563
200552
200681
200580
200627
200658
200598
200621
200571
200660
200605
200590
200559
200593
200610
200564
200499
200613
200546
200587
200587
200596
200619
200628
200558
200567
200551
200594
200597
200648
200599
200557
200565
200594
200596
200559
200567
200688
200615
200667
200579
200706
200553
200562
200534
200564
200628
200602
200567
200604
200560
200599
200586
200577
200561
200643
200545
200526
200611
200575
200570
200601
200682
200568
200594
200635
200597
200621
200609
200589
200571
200627
200632
200598
200539
200583
200574
200580
200641
200571
200556
200605
200588
200558
200586
200621
200540
200581
200626
200608
200577
200581
200556
200525
200628
200655
200565
200566
200639
200558
200557
200567
200543
200569
200619
200649
200665
200573
200563
200535
200559
200558
200558
200569
200543
200568
200625
200628
200583
200570
200584
200592
200590
200577
200540
200587
200563
200534
200533
200521
200540
200594
200557
200549
200599
200614
200578
200538
200608
200610
200584
200563
200562
200587
200555
200640
200631
200537
200635
200546
200590
200555
200550
200581
200568
200556
200567
200538
200590
200567
200544
200575
200600
200617
200583
200601
200584
200671
200568
200605
200636
200542
200556
200611
200595
200613
200544
200578
200602
200545
200615
200601
200571
200508
200567
200706
200551
200554
200576
200576
200606
200626
200590
200655
200533
200587
200612
200575
200651
200580
200550
200600
200564
200581
200549
200587
200536
200618
200584
200578
200649
200594
200565
200737
200800
200557
200558
200581
200526
200668
200518
200597
200545
200584
200565
200593
200595
200577
200619
200651
200598
200662
200664
200654
200527
200600
200546
200571
200586
200596
200624
200592
200537
200537
200594
200613
200530
200559
200541
200558
200617
200612
200539
200591
200532
200561
200596
200581
200574
200609
200612
200621
200662
200544
200552
200592
200605
200588
200701
200543
200624
200628
200523
200544
200579
200606
200575
200574
200522
200523
200663
200687
200619
200635
200547
200615
200595
200575
200612
200625
200653
200575
200560
200573
200634
200583
200578
200598
200560
200642
200651
200571
200602
200628
200527
200596
200523
200594
200513
200619
200586
200573
200558
200602
200625
200595
200562
200631
200711
200610
200591
200557
200577
200534
200568
200602
200623
200594
200608
200627
200613
200597
200559
200579
200568
200541
200565
200561
200550
200572
200645
200616
200539
200554
200581
200620
200574
200589
200578
200603
200646
200541
200588
200547
200602
200555
200541
200588
200558
200619
200607
200584
200574
200556
200568
200583
200612
200571
200546
200633
200576
200626
200579
200552
200580
200597
200622
200544
200566
200601
200547
200638
200601
200569
200625
200575
200588
200591
200632
200576
200618
200624
200576
200583
200595
200521
200619
200585
200604
200576
200540
200551
200581
200527
200595
200573
200598
200564
200591
200643
200533
200719
200584
200572
200543
200627
200550
200587
200586
200525
200629
200587
200541
200560
200582
200526
200556
200564
200534
200641
200612
200542
200568
200617
200550
200555
200617
200541
200568
200582
200579
200567
200526
200551
200635
200618
200577
200542
200583
200627
200553
200553
200612
200528
200644
200538
200601
200678
200575
200630
200597
200647
200600
200584
200589
200616
200608
200558
200582
200543
200591
200628
200535
200598
200594
200665
200663
200567
200571
200527
200537
200616
200560
200599
200599
200636
200569
200608
200617
200634
200536
200580
200585
200639
200624
200599
200585
200587
200550
200594
200572
200570
200554
200564
200561
200557
200579
200593
200585
200574
200542
200566
200582
200538
200564
200583
200577
200593
200544
200642
200560
200655
200605
200556
200610
200635
200574
200508
200592
200614
200542
200560
200576
200576
200610
200683
200613
200549
200601
200586
200557
200607
200575
200592
200638
200596
200568
200573
200576
200617
200559
200581
200618
200643
200614
200597
200646
200600
200562
200566
200548
200558
200611
200548
200580
200572
200661
200567
200640
200604
200567
200535
200623
200570
200600
200624
200581
200641
200649
200589
200559
200542
200539
200640
200565
200582
200548
200572
200567
200596
200594
200624
200625
200613
200588
200586
200598
200549
200550
200538
200542
200578
200504
200635
200656
200581
200526
200552
200505
200598
200538
200578
200560
200540
200603
200593
200548
200590
200547
200567
200638
200638
200619
200625
200600
200555
200585
200543
200579
200587
200582
200519
200610
200579
200626
200593
200596
200569
200539
200666
200580
200576
200593
200606
200562
200587
200623
200604
200581
200570
200582
200550
200605
200596
200564
200585
200608
200575
200640
200568
200583
200637
200581
200547
200681
200594
200630
200628
200601
200611
200611
200608
200596
200587
200619
200595
200517
200665
200515
200570
200642
200578
200683
200536
200589
200579
200605
200556
200593
200544
200605
200611
200693
200577
200548
200585
200589
200663
200581
200578
200572
200567
200566
200578
200618
200589
200541
200577
200611
200603
200551
200619
200556
200611
200583
200610
200702
200598
200683
200620
200602
200518
200569
200577
200581
200639
200550
200665
200643
200586
200513
200548
200581
200548
200661
200553
200583
200657
200628
200620
200624
200567
200619
200596
200627
200618
200613
200547
200703
200541
200567
200590
200590
200597
200581
200538
200577
200657
200567
200596
200590
200631
200546
200588
200562
200617
200581
200616
200582
200573
200619
200570
200543
200668
200588
200619
200593
200568
200625
200589
200544
200731
200585
200655
200566
200564
200612
200589
200598
200646
200578
200557
200559
200634
200615
200621
200719
200560
200656
200562
200605
200506
200569
200584
200579
200599
200593
200598
200551
200560
200597
200573
200615
200517
200571
200590
200557
200575
200590
200708
200550
200540
200507
200592
200541
200568
200657
200559
200552
200552
200578
200604
200695
200587
200602
200555
200553
200550
200620
200592
200552
200545
200635
200563
200571
200576
200575
200560
200558
200547
200583
200550
200640
200608
200531
200583
200563
200603
200595
200586
200570
200563
200576
200573
200543
200644
200538
200549
200566
200535
200563
200633
200565
200575
200627
200534
200613
200642
200571
200570
200544
200583
200565
200620
200581
200575
200627
200692
200586
200522
200606
200512
200633
200564
200623
200588
200575
200602
200618
200606
200584
200639
200587
200598
200582
200613
200558
200612
200576
200542
200576
200566
200636
200554
200556
200568
200575
200574
200577
200565
200584
200639
200553
200565
200558
200698
200538
200667
200688
200601
200640
200508
200694
200536
200544
200506
200621
200618
200575
200574
200589
200659
200580
200592
200736
200556
200660
200586
200593
200537
200650
200518
200603
200590
200570
200560
200633
200581
200575
200639
200611
200560
200549
200608
200560
200632
200571
200565
200529
200600
200588
200553
200586
200542
200623
200540
200585
200602
200614
200565
200620
200570
200512
200564
200607
200557
200615
200535
200517
200592
200568
200563
200521
200604
200560
200600
200711
200595
200585
200553
200598
200562
200575
200552
200624
200581
200640
200635
200508
200562
200531
200602
200624
200573
200618
200538
200548
200557
200534
200597
200556
200568
200524
200524
200600
200627
200561
200550
200575
200562
200609
200557
200569
200600
200715
200572
200544
200562
200563
200644
200585
200714
200660
200565
200519
200545
200569
200598
200561
200604
200600
200557
200618
200607
200613
200596
200603
200566
200565
200581
200551
200553
200540
200551
200605
200620
200606
200560
200550
200797
200628
200606
200645
200619
200606
200557
200669
200525
200564
200561
200534
200589
200533
200583
200565
200593
200593
200613
200578
200543
200574
200612
200568
200561
200553
200613
200643
200562
200562
200566
200524
200580
200648
200549
200568
200599
200545
200662
200572
200610
200561
200573
200576
200621
200670
200581
200611
200585
200649
200582
200609
200565
200555
200621
200570
200574
200576
200600
200556
200541
200557
200576
200647
200560
200576
200581
200622
200682
200662
200639
200561
200628
200598
200578
200589
200581
200545
200553
200576
200644
200570
200629
200600
200560
200528
200575
200588
200580
200583
200687
200539
200557
200566
200534
200606
200568
200596
200610
200613
200614
200605
200546
200618
200569
200601
200647
200591
200542
200574
200619
200592
200610
200567
200611
200593
200671
200595
200554
200591
200579
200639
200564
200615
200621
200664
200643
200580
200588
200553
200564
200576
200592
200593
200631
200695
200570
200592
200564
200545
200583
200523
200588
200606
200601
200604
200534
200607
200517
200569
200557
200595
200592
200558
200589
200580
200637
200582
200605
200666
200560
200625
200587
200589
200594
200589
200552
200549
200560
200564
200557
200557
200579
200600
200582
200580
200632
200549
200564
200572
200546
200597
200564
200571
200579
200554
200589
200557
200610
200576
200554
200528
200560
200649
200588
200608
200605
200559
200612
200595
200625
200537
200582
200624
200564
200573
200576
200619
200617
200536
200561
200658
200570
200664
200600
200675
200552
200678
200595
200585
200582
200690
200563
200553
200615
200613
200597
200590
200564
200549
200588
200570
200626
200587
200620
200617
200570
200617
200571
200593
200570
200518
200676
200514
200640
200566
200568
200576
200600
200628
200570
200562
200624
200561
200589
200565
200750
200599
200578
200582
200628
200542
200553
200573
200533
200590
200620
200583
200599
200580
200612
200567
200639
200595
200554
200544
200558
200579
200599
200628
200587
200573
200592
200572
200610
200632
200549
200568
200542
200610
200575
200553
200556
200601
200595
200577
200591
200658
200684
200581
200723
200583
200559
200556
200588
200583
200556
200588
200645
200619
200631
200547
200547
200582
200562
200545
200594
200692
200616
200595
200545
200633
200612
200542
200571
200555
200611
200561
200657
200540
200617
200602
200594
200538
200671
200557
200596
200604
200611
200606
200604
200603
200583
200557
200573
200591
200543
200550
200604
200588
200556
200722
200602
200612
200559
200561
200558
200616
200581
200569
200579
200721
200613
200608
200580
200539
200591
200590
200609
200556
200565
200654
200597
200593
200579
200660
200786
200560
200593
200587
200590
200598
200548
200596
200607
200567
200583
200511
200562
200543
200541
200584
200634
200594
200583
200604
200704
200548
200572
200554
200527
200536
200551
200629
200562
200619
200585
200561
200571
200646
200592
200595
200569
200595
200559
200567
200612
200634
200564
200531
200599
200634
200610
200593
200601
200576
200554
200564
200573
200546
200567
200582
200570
200577
200593
200607
200601
200611
200585
200558
200619
200546
200624
200672
200571
200568
200610
200578
200582
200544
200559
200577
200603
200554
200552
200557
200617
200622
200584
200571
200666
200590
200725
200572
200623
200653
200649
200588
200536
200573
200591
200558
200570
200641
200566
200568
200740
200526
200579
200594
200634
200588
200622
200566
200584
200608
200637
200661
200562
200606
200613
200668
200677
200624
200624
200581
200569
200604
200713
200560
200609
200591
200631
200609
200544
200584
200652
200606
200565
200527
200535
200565
200611
200631
200699
200533
200631
200583
200532
200582
200557
200583
200643
200630
200578
200544
200550
200558
200620
200530
200530
200604
200587
200563
200625
200590
200541
200554
200557
200591
200576
200615
200588
200595
200632
200620
200540
200613
200674
200571
200593
200612
200563
200542
200637
200549
200559
200596
200606
200560
200554
200648
200562
200581
200577
200536
200569
200582
200580
200530
200581
200607
200572
200559
200558
200562
200576
200625
200574
200588
200566
200580
200546
200606
200582
200588
200532
200606
200665
200566
200540
200581
200572
200728
200560
200571
200558
200643
200539
200643
200595
200603
200583
200681
200566
200608
200542
200571
200535
200579
200593
200564
200543
200631
200570
200641
200566
200537
200560
200582
200594
200567
200566
200679
200613
200590
200615
200561
200584
200562
200662
200608
200639
200632
200580
200622
200585
200603
200592
200553
200562
200630
200546
200618
200560
200558
200567
200573
200588
200613
200547
200578
200608
200598
200561
200558
200577
200600
200664
200599
200551
200607
200562
200643
200619
200560
200638
200566
200587
200676
200555
200606
200596
200632
200624
200580
200603
200566
200580
200581
200604
200594
200627
200582
200512
200584
200655
200560
200597
200609
200648
200612
200580
200602
200618
200611
200581
200599
200602
200574
200572
200595
200597
200583
200603
200602
200542
200608
200541
200574
200620
200625
200573
200593
200612
200578
200614
200574
200540
200614
200582
200630
200579
200563
200625
200532
200546
200545
200577
200603
200649
200564
200602
200656
200597
200595
200607
200569
200583
200589
200667
200600
200632
200594
200568
200537
200640
200527
200559
200565
200590
200652
200597
200565
200584
200635
200578
200567
200541
200567
200601
200526
200642
200546
200583
200547
200579
200577
200568
200600
200665
200591
200606
200603
200649
200631
200554
200549
200589
200571
200576
200638
200614
200617
200549
200544
200569
200572
200565
200649
200596
200549
200572
200592
200566
200540
200561
200577
200631
200567
200535
200543
200571
200609
200784
200600
200573
200604
200604
200562
200575
200586
200596
200600
200629
200569
200594
200641
200596
200555
200592
200571
200666
200615
200580
200581
200606
200627
200585
200596
200517
200668
200635
200595
200580
200653
200640
200554
200556
200525
200746
200596
200654
200596
200555
200590
200721
200596
200554
200584
200626
200628
200624
200552
200595
200690
200599
200594
200568
200612
200625
200545
200677
200602
200589
200596
200543
200540
200524
200602
200551
200616
200617
200758
200644
200568
200598
200597
200578
200557
200553
200600
200551
200537
200619
200644
200554
200739
200553
200578
200593
200568
200627
200544
200574
200559
200542
200581
200614
200582
200649
200556
200612
200631
200675
200563
200561
200609
200647
200581
200566
200641
200625
200574
200596
200588
200550
200590
200562
200621
200584
200604
200594
200589
200549
200639
200581
200576
200581
200556
200667
200607
200628
200575
200566
200577
200563
200582
200571
200693
200648
200565
200606
200519
200564
200588
200537
200594
200546
200608
200594
200558
200542
200574
200589
200573
200522
200560
200577
200609
200557
200598
200577
200589
200556
200594
200555
200553
200565
200622
200650
200663
200573
200572
200553
200632
200596
200558
200578
200548
200630
200557
200590
200658
200537
200570
200612
200611
200572
200600
200598
200549
200566
200537
200606
200667
200637
200665
200559
200551
200576
200567
200573
200585
200679
200609
200524
200631
200623
200614
200550
200602
200615
200568
200593
200548
200563
200588
200587
200563
200526
200613
200580
200597
200528
200537
200649
200599
200608
200573
200647
200569
200551
200569
200536
200563
200635
200580
200627
200611
200556
200584
200590
200583
200532
200664
200569
200525
200567
200557
200608
200623
200570
200567
200572
200647
200533
200558
200571
200584
200536
200621
200549
200592
200576
200614
200574
200550
200646
200558
200562
200515
200551
200561
200602
200645
200609
200646
200589
200549
200604
200511
200541
200575
200590
200591
200674
200562
200528
200595
200575
200586
200529
200545
200555
200612
200594
200617
200626
200629
200549
200534
200584
200576
200576
200529
200555
200529
200613
200586
200579
200528
200582
200635
200600
200557
200576
200579
200622
200728
200575
200562
200655
200558
200598
200610
200598
200570
200585
200652
200583
200524
200609
200574
200580
200508
200562
200575
200664
200608
200555
200617
200555
200560
200678
200594
200597
200532
200561
200552
200568
200579
200568
200564
200546
200594
200535
200572
200621
200570
200668
200581
200560
200574
200663
200623
200591
200547
200559
200579
200579
200585
200605
200560
200602
200583
200613
200607
200613
200575
200637
200555
200578
200533
200726
200597
200561
200622
200686
200600
200546
200696
200647
200627
200551
200557
200704
200521
200608
200551
200610
200539
200555
200572
200551
200617
200589
200585
200595
200558
200528
200542
200559
200558
200548
200650
200600
200596
200615
200601
200715
200566
200572
200574
200589
200548
200605
200545
200615
200609
200544
200557
200558
200644
200588
200588
200574
200606
200597
200560
200524
200523
200643
200563
200565
200543
200581
200574
200585
200568
200610
200621
200576
200525
200625
200575
200595
200597
200567
200542
200613
200553
200567
200668
200556
200615
200641
200599
200612
200547
200548
200577
200583
200545
200569
200553
200557
200610
200576
200607
200609
200597
200608
200571
200619
200616
200596
200539
200542
200675
200627
200610
200549
200635
200592
200599
200562
200623
200543
200544
200614
200607
200639
200561
200592
200617
200537
200570
200561
200605
200565
200601
200595
200602
200575
200586
200548
200609
200598
200609
200562
200656
200610
200610
200601
200548
200549
200583
200599
200651
200577
200573
200553
200530
200611
200627
200631
200566
200570
200567
200587
200565
200605
200564
200615
200569
200632
200550
200576
200573
200646
200668
200573
200578
200632
200591
200624
200576
200660
200538
200549
200584
200609
200623
200569
200581
200626
200587
200581
200605
200564
200717
200605
200582
200572
200591
200598
200573
200571
200714
200571
200502
200560
200569
200636
200597
200535
200561
200563
200606
200581
200562
200623
200554
200702
200572
200548
200561
200626
200570
200588
200614
200573
200575
200555
200610
200593
200595
200608
200577
200606
200587
200621
200580
200588
200637
200566
200540
200576
200559
200581
200584
200642
200662
200589
200576
200555
200654
200598
200552
200560
200593
200571
200572
200567
200550
200555
200576
200616
200565
200579
200577
200598
200548
200583
200593
200571
200604
200654
200623
200572
200531
200627
200664
200581
200536
200621
200577
200589
200595
200587
200605
200589
200623
200615
200624
200522
200573
200545
200691
200599
200637
200600
200554
200602
200600
200591
200566
200564
200552
200600
200610
200558
200578
200549
200523
200561
200555
200523
200644
200603
200570
200577
200597
200702
200640
200513
200629
200576
200575
200527
200583
200607
200560
200538
200622
200583
200602
200602
200605
200584
200613
200604
200603
200567
200545
200525
200536
200574
200589
200712
200595
200572
200563
200600
200628
200639
200532
200666
200594
200568
200565
200666
200581
200560
200601
200580
200656
200595
200561
200576
200573
200547
200610
200576
200599
200532
200608
200651
200625
200584
200612
200652
200619
200558
200576
200572
200625
200599
200550
200619
200579
200737
200517
200569
200544
200553
200573
200562
200566
200558
200560
200725
200548
200631
200624
200553
200610
200517
200593
200553
200629
200608
200531
200593
200621
200576
200581
200607
200526
200577
200695
200568
200568
200578
200584
200630
200538
200588
200593
200614
200569
200553
200573
200551
200574
200571
200625
200555
200556
200592
200563
200596
200536
200582
200579
200548
200582
200552
200568
200596
200545
200570
200571
200596
200606
200603
200539
200520
200568
200575
200610
200578
200543
200554
200592
200567
200564
200573
200545
200576
200640
200554
200615
200536
200628
200594
200584
200606
200555
200518
200591
200601
200561
200567
200563
200587
200653
200597
200607
200579
200577
200527
200589
200588
200584
200582
200624
200575
200613
200589
200641
200572
200554
200640
200578
200572
200599
200597
200559
200548
200619
200569
200777
200623
200614
200596
200581
200538
200556
200558
200568
200628
200579
200583
200575
200591
200566
200635
200550
200560
200587
200640
200566
200527
200574
200546
200606
200604
200577
200562
200538
200611
200554
200621
200543
200688
200568
200541
200588
200566
200521
200616
200593
200556
200593
200580
200588
200641
200549
200541
200641
200582
200786
200536
200561
200592
200542
200574
200679
200582
200643
200557
200561
200570
200603
200537
200563
200551
200534
200569
200578
200619
200603
200614
200651
200668
200663
200675
200614
200689
200624
200697
200552
200528
200564
200561
200573
200602
200614
200545
200646
200674
200535
200580
200570
200580
200646
200549
200587
200576
200526
200552
200597
200590
200538
200578
200586
200556
200557
200591
200619
200574
200587
200575
200558
200556
200612
200639
200578
200548
200591
200584
200576
200667
200604
200608
200580
200566
200566
200574
200592
200615
200606
200536
200586
200535
200738
200548
200569
200579
200560
200613
200531
200547
200525
200566
200587
200597
200594
200566
200645
200645
200616
200594
200555
200641
200582
200626
200629
200561
200583
200541
200666
200583
200617
200585
200624
200581
200608
200608
200553
200620
200556
200560
200609
200579
200527
200549
200612
200710
200598
200605
200552
200598
200550
200592
200582
200598
200584
200561
200526
200593
200567
200556
200558
200614
200583
200532
200644
200558
200660
200623
200555
200553
200594
200618
200556
200652
200555
200565
200571
200577
200557
200575
200636
200549
200600
200647
200540
200638
200570
200561
200570
200622
200558
200568
200713
200607
200618
200545
200613
200564
200623
200564
200636
200562
200577
200604
200604
200691
200535
200585
200554
200566
200583
200563
200553
200558
200703
200614
200628
200565
200617
200564
200599
200590
200565
200694
200506
200622
200578
200575
200536
200563
200590
200552
200631
200629
200546
200550
200587
200563
200547
200569
200589
200611
200576
200563
200584
200609
200544
200598
200538
200582
200554
200507
200588
200603
200526
200600
200549
200597
200563
200620
200585
200551
200579
200612
200515
200569
200527
200669
200610
200581
200637
200573
200535
200585
200566
200591
200525
200573
200551
200555
200557
200730
200526
200523
200619
200520
200588
200541
200559
200550
200608
200687
200569
200543
200578
200552
200592
200559
200549
200652
200552
200656
200581
200582
200564
200644
200640
200631
200591
200560
200661
200560
200564
200653
200576
200606
200571
200652
200579
200549
200568
200552
200493
200590
200626
200606
200606
200546
200589
200586
200557
200650
200546
200549
200618
200536
200616
200585
200600
200553
200645
200588
200680
200563
200618
200618
200585
200556
200557
200557
200515
200536
200617
200565
200563
200587
200651
200578
200547
200555
200528
200635
200643
200669
200580
200567
200621
200586
200566
200568
200553
200633
200627
200577
200626
200688
200557
200569
200622
200602
200552
200594
200588
200607
200573
200510
200569
200563
200573
200680
200611
200535
200554
200531
200613
200644
200597
200566
200561
200612
200541
200608
200784
200547
200530
200566
200593
200585
200575
200519
200573
200578
200594
200559
200608
200576
200613
200594
200642
200606
200561
200640
200586
200626
200582
200609
200559
200564
200566
200571
200597
200614
200604
200595
200567
200588
200611
200603
200649
200549
200590
200562
200638
200665
200576
200534
200604
200526
200563
200582
200760
200579
200554
200530
200628
200580
200556
200558
200642
200588
200582
200555
200568
200592
200649
200611
200643
200589
200600
200590
200611
200531
200569
200661
200629
200567
200565
200724
200527
200554
200608
200566
200625
200568
200658
200606
200674
200619
200542
200556
200612
200566
200558
200633
200630
200547
200514
200634
200544
200500
200586
200544
200584
200667
200620
200576
200607
200603
200539
200569
200534
200561
200571
200603
200541
200570
200552
200638
200607
200555
200586
200578
200691
200565
200582
200604
200585
200613
200576
200780
200630
200581
200550
200547
200617
200576
200540
200606
200587
200616
200556
200573
200566
200604
200634
200607
200570
200572
200583
200541
200593
200588
200609
200568
200553
200548
200551
200597
200549
200580
200626
200536
200578
200692
200539
200556
200558
200616
200534
200548
200575
200581
200525
200590
200519
200545
200573
200623
200599
200587
200579
200550
200559
200598
200613
200593
200620
200559
200544
200588
200557
200620
200629
200534
200563
200587
200622
200699
200563
200620
200534
200640
200604
200611
200585
200532
200641
200609
200587
200597
200592
200610
200585
200623
200656
200591
200647
200608
200574
200566
200549
200631
200619
200588
200597
200537
200565
200590
200583
200568
200576
200554
200546
200565
200687
200678
200633
200559
200529
200564
200560
200557
200694
200586
200621
200593
200615
200603
200548
200574
200536
200545
200603
200542
200568
200582
200720
200578
200553
200584
200547
200553
200527
200604
200594
200546
