200207
200261
200275
200211
200200
200261
200220
200219
200230
200196
200238
200185
200214
200257
200236
200219
200228
200199
200207
200186
200218
200209
200192
200203
200216
200202
200215
200276
200275
200217
200198
200254
200215
200235
200209
200214
200253
200214
200249
200265
200233
200283
200193
200206
200229
200213
200232
200281
200221
200197
200196
200210
200206
200346
200230
200226
200241
200202
200206
200207
200266
200218
200264
200219
200201
200187
200253
200200
200259
200246
200237
200219
200196
200192
200208
200261
200243
200216
200248
200211
200204
200243
200279
200192
200207
200218
200190
200231
200280
200258
200236
200279
200274
200208
200202
200243
200230
200238
200216
200188
200211
200216
200214
200214
200214
200223
200201
200211
200221
200205
200199
200237
200216
200205
200232
200222
200279
200248
200233
200224
200283
200213
200212
200214
200232
200221
200270
200223
200223
200224
200282
200203
200214
200242
200256
200218
200219
200239
200206
200221
200296
200321
200204
200203
200219
200203
200197
200248
200218
200262
200231
200220
200207
200218
200216
200233
200213
200209
200222
200285
200267
200215
200228
200201
200239
200269
200218
200295
200250
200245
200205
200204
200228
200213
200195
200215
200211
200208
200251
200293
200204
200209
200236
200310
200221
200190
200251
200317
200248
200223
200275
200225
200229
200241
200197
200244
200222
200228
200267
200217
200223
200246
200253
200206
200221
200208
200213
200231
200242
200247
200216
200197
200207
200210
200229
200293
200193
200193
200216
200235
200273
200232
200256
200216
200230
200212
200267
200242
200225
200225
200254
200242
200215
200217
200232
200251
200308
200192
200197
200222
200264
200243
200280
200245
200236
200197
200204
200239
200212
200252
200269
200272
200196
200205
200227
200255
200214
200193
200218
200202
200305
200219
200207
200246
200221
200255
200194
200204
200268
200278
200210
200209
200272
200240
200216
200228
200197
200214
200218
200215
200232
200214
200210
200260
200195
200228
200236
200201
200233
200194
200214
200234
200190
200186
200234
200236
200192
200316
200297
200202
200212
200249
200214
200209
200247
200188
200245
200266
200273
200223
200225
200241
200263
200227
200190
200199
200239
200216
200221
200246
200262
200284
200385
200211
200197
200304
200273
200214
200216
200226
200240
200349
200220
200192
200313
200208
200193
200243
200247
200189
200240
200172
200209
200188
200207
200198
200222
200233
200222
200209
200198
200219
200313
200235
200242
200201
200216
200224
200202
200197
200202
200202
200234
200241
200253
200218
200196
200202
200215
200263
200210
200206
200279
200220
200230
200196
200259
200209
200322
200197
200238
200226
200226
200212
200226
200219
200273
200212
200234
200210
200255
200219
200215
200193
200246
200204
200207
200197
200222
200182
200212
200215
200202
200250
200202
200204
200231
200208
200235
200223
200206
200271
200229
200242
200283
200241
200238
200211
200284
200239
200207
200244
200219
200206
200214
200227
200214
200259
200200
200202
200299
200216
200217
200240
200199
200285
200225
200191
200219
200209
200236
200203
200211
200237
200214
200214
200218
200265
200233
200219
200236
200250
200203
200256
200206
200228
200217
200232
200208
200207
200199
200226
200283
200225
200205
200230
200215
200192
200210
200231
200233
200217
200247
200279
200224
200205
200268
200270
200254
200250
200244
200243
200231
200245
200267
200224
200241
200224
200231
200217
200216
200340
200201
200241
200248
200241
200206
200205
200290
200237
200214
200184
200224
200229
200264
200222
200221
200254
200238
200238
200227
200198
200255
200231
200220
200230
200219
200230
200227
200187
200204
200224
200208
200194
200218
200207
200231
200224
200236
200237
200247
200200
200242
200218
200290
200236
200257
200226
200244
200262
200204
200231
200248
200191
200210
200253
200281
200208
200205
200234
200200
200220
200274
200269
200199
200211
200270
200201
200223
200319
200224
200211
200232
200219
200259
200221
200231
200238
200257
200236
200216
200192
200217
200210
200212
200244
200231
200181
200217
200257
200211
200247
200268
200209
200217
200205
200220
200286
200218
200247
200210
200245
200224
200219
200209
200243
200202
200217
200246
200194
200230
200229
200231
200221
200197
200235
200191
200237
200201
200217
200194
200248
200245
200186
200214
200214
200196
200225
200254
200258
200218
200229
200201
200225
200193
200206
200199
200245
200264
200223
200240
200212
200211
200213
200203
200213
200255
200189
200209
200208
200188
200258
200218
200214
200249
200199
200268
200201
200220
200242
200198
200203
200236
200217
200219
200317
200222
200244
200241
200224
200233
200239
200215
200202
200216
200191
200255
200262
200212
200210
200200
200218
200209
200229
200247
200230
200262
200221
200206
200240
200226
200287
200192
200205
200197
200216
200243
200227
200243
200191
200227
200211
200264
200200
200238
200216
200256
200217
200246
200212
200186
200206
200210
200214
200280
200211
200220
200237
200207
200204
200276
200218
200227
200190
200205
200229
200336
200202
200210
200200
200195
200208
200237
200207
200208
200195
200219
200295
200266
200293
200219
200231
200201
200257
200200
200219
200205
200239
200210
200243
200400
200187
200216
200253
200253
200257
200194
200238
200313
200259
200232
200206
200255
200238
200227
200231
200214
200231
200243
200236
200295
200220
200227
200269
200212
200321
200182
200199
200273
200175
200240
200200
200223
200240
200239
200227
200209
200192
200226
200241
200207
200210
200202
200187
200208
200232
200230
200222
200204
200262
200229
200206
200211
200230
200215
200194
200351
200272
200256
200256
200225
200311
200238
200239
200194
200207
200265
200227
200228
200234
200204
200231
200216
200196
200266
200232
200238
200200
200206
200204
200309
200210
200281
200217
200274
200257
200209
200190
200265
200255
200242
200222
200262
200207
200258
200247
200256
200244
200209
200275
200280
200201
200209
200218
200224
200209
200220
200209
200253
200254
200254
200271
200223
200208
200251
200202
200215
200201
200236
200213
200231
200263
200200
200209
200202
200230
200185
200231
200228
200282
200206
200244
200248
200221
200203
200209
200204
200214
200200
200270
200226
200202
200266
200223
200218
200217
200255
200202
200210
200217
200203
200251
200207
200257
200237
200235
200183
200215
200253
200215
200208
200199
200238
200227
200244
200255
200194
200196
200170
200274
200263
200256
200275
200225
200234
200205
200224
200183
200238
200254
200221
200230
200194
200201
200219
200267
200216
200222
200248
200213
200282
200310
200233
200223
200261
200215
200208
200235
200206
200251
200237
200210
200193
200240
200206
200220
200227
200251
200209
200198
200343
200210
200272
200226
200213
200189
200221
200219
200206
200255
200212
200269
200228
200231
200239
200278
200207
200223
200256
200230
200244
200229
200202
200207
200206
200212
200215
200198
200214
200191
200228
200218
200232
200250
200288
200255
200220
200222
200268
200233
200221
200291
200229
200229
200209
200230
200239
200195
200243
200240
200211
200206
200250
200306
200311
200200
200206
200219
200248
200226
200228
200222
200220
200268
200224
200187
200220
200216
200215
200187
200240
200204
200255
200221
200254
200241
200213
200238
200203
200219
200215
200196
200234
200272
200294
200224
200211
200249
200202
200242
200203
200227
200218
200206
200203
200214
200296
200252
200224
200180
200235
200203
200224
200183
200216
200272
200234
200215
200214
200222
200280
200236
200195
200227
200203
200212
200192
200210
200216
200258
200210
200275
200219
200235
200229
200205
200236
200238
200236
200244
200226
200210
200234
200241
200233
200217
200225
200230
200276
200240
200210
200279
200236
200220
200286
200280
200237
200226
200213
200207
200212
200222
200245
200204
200221
200244
200244
200222
200188
200222
200208
200233
200283
200210
200210
200233
200225
200212
200225
200202
200220
200269
200204
200219
200250
200245
200198
200228
200225
200194
200239
200242
200224
200230
200252
200216
200222
200234
200213
200206
200214
200209
200202
200214
200243
200187
200252
200207
200292
200235
200247
200212
200199
200218
200222
200226
200212
200210
200229
200257
200198
200213
200208
200239
200246
200257
200215
200265
200196
200275
200217
200238
200329
200206
200235
200214
200293
200250
200202
200251
200220
200212
200204
200203
200297
200237
200256
200209
200203
200204
200205
200205
200192
200226
200228
200216
200199
200233
200214
200287
200218
200261
200223
200240
200191
200218
200195
200224
200211
200201
200213
200265
200224
200259
200192
200233
200224
200259
200207
200205
200240
200186
200293
200309
200216
200210
200224
200239
200255
200233
200215
200214
200207
200205
200244
200224
200265
200258
200225
200281
200224
200245
200223
200277
200202
200231
200237
200207
200268
200231
200246
200187
200218
200260
200240
200219
200222
200241
200282
200216
200249
200215
200261
200260
200235
200242
200244
200222
200214
200258
200206
200223
200277
200206
200194
200214
200206
200206
200238
200248
200252
200184
200237
200229
200224
200213
200219
200265
200205
200233
200196
200232
200196
200248
200219
200232
200205
200295
200243
200257
200244
200197
200217
200239
200289
200225
200214
200199
200224
200224
200279
200199
200205
200205
200330
200260
200240
200194
200201
200207
200203
200234
200252
200207
200222
200331
200218
200204
200202
200240
200249
200209
200211
200227
200240
200247
200212
200223
200213
200232
200229
200227
200240
200205
200198
200225
200228
200206
200205
200207
200222
200250
200257
200229
200183
200181
200192
200206
200217
200254
200285
200264
200250
200225
200252
200193
200232
200216
200242
200201
200228
200242
200215
200243
200234
200256
200211
200207
200232
200249
200268
200216
200220
200255
200245
200243
200196
200215
200211
200280
200184
200206
200224
200251
200208
200191
200217
200199
200248
200240
200278
200234
200228
200219
200195
200210
200195
200196
200218
200243
200209
200223
200209
200211
200237
200225
200240
200230
200253
200233
200217
200240
200254
200264
200223
200224
200244
200233
200232
200197
200197
200299
200194
200247
200196
200246
200243
200242
200235
200238
200265
200293
200192
200257
200230
200277
200212
200186
200298
200192
200231
200245
200215
200240
200229
200225
200255
200248
200245
200227
200212
200198
200232
200302
200221
200206
200209
200206
200210
200230
200229
200198
200243
200229
200202
200268
200249
200226
200215
200213
200334
200209
200248
200220
200225
200226
200235
200237
200224
200187
200200
200211
200202
200258
200193
200208
200226
200260
200235
200213
200220
200205
200283
200207
200222
200198
200225
200233
200205
200222
200272
200217
200224
200198
200204
200230
200205
200251
200210
200250
200230
200192
200188
200201
200208
200220
200330
200204
200216
200254
200237
200299
200233
200198
200202
200237
200310
200200
200206
200191
200231
200280
200214
200206
200207
200211
200281
200239
200264
200197
200244
200216
200191
200268
200221
200205
200227
200237
200218
200220
200222
200249
200240
200249
200204
200225
200234
200235
200218
200194
200211
200252
200276
200210
200231
200232
200212
200220
200304
200230
200225
200268
200257
200352
200323
200269
200230
200210
200211
200236
200230
200266
200244
200203
200246
200310
200244
200246
200221
200238
200220
200242
200244
200204
200227
200216
200240
200216
200195
200264
200204
200226
200239
200228
200221
200234
200237
200211
200190
200234
200225
200252
200209
200211
200233
200217
200228
200221
200250
200231
200283
200234
200234
200226
200203
200190
200256
200191
200292
200233
200220
200231
200239
200214
200258
200190
200243
200214
200245
200262
200224
200287
200198
200218
200235
200233
200200
200245
200213
200286
200222
200224
200229
200245
200232
200232
200262
200260
200244
200201
200246
200217
200206
200199
200268
200190
200256
200222
200195
200200
200206
200286
200204
200270
200243
200273
200215
200197
200203
200212
200243
200204
200231
200208
200224
200211
200258
200225
200224
200207
200224
200204
200229
200233
200229
200197
200206
200287
200266
200223
200226
200192
200262
200215
200238
200274
200232
200211
200224
200214
200201
200254
200196
200219
200186
200233
200255
200277
200278
200224
200273
200244
200207
200222
200250
200262
200192
200259
200228
200229
200251
200233
200263
200226
200220
200216
200208
200261
200227
200244
200291
200217
200207
200296
200326
200202
200202
200195
200218
200270
200228
200217
200201
200244
200244
200225
200196
200232
200259
200266
200217
200274
200292
200210
200219
200256
200231
200205
200207
200213
200199
200239
200254
200283
200217
200279
200204
200301
200225
200233
200211
200220
200225
200266
200234
200209
200248
200226
200247
200212
200224
200208
200243
200202
200208
200215
200223
200230
200195
200228
200226
200205
200280
200207
200221
200229
200227
200213
200250
200210
200250
200208
200222
200223
200201
200250
200209
200237
200213
200244
200212
200209
200273
200230
200228
200198
200218
200241
200214
200322
200242
200226
200179
200211
200254
200237
200206
200236
200283
200199
200221
200227
200224
200245
200206
200314
200230
200211
200196
200186
200204
200239
200231
200225
200213
200206
200227
200252
200208
200272
200236
200228
200195
200243
200194
200223
200211
200206
200196
200212
200218
200238
200225
200205
200207
200269
200214
200203
200236
200201
200207
200206
200300
200205
200297
200224
200241
200284
200214
200203
200216
200192
200237
200192
200220
200211
200284
200211
200237
200202
200258
200221
200208
200206
200202
200247
200241
200220
200213
200213
200236
200224
200248
200217
200265
200198
200238
200236
200231
200195
200238
200237
200255
200186
200218
200199
200202
200208
200251
200199
200226
200218
200207
200210
200224
200191
200285
200277
200230
200219
200237
200275
200202
200225
200207
200224
200224
200258
200229
200246
200283
200251
200205
200229
200206
200218
200263
200238
200259
200210
200246
200217
200214
200222
200199
200285
200197
200233
200222
200231
200233
200291
200385
200206
200220
200200
200197
200221
200217
200238
200251
200248
200205
200219
200234
200268
200234
200234
200205
200234
200208
200258
200283
200220
200256
200260
200215
200182
200220
200195
200232
200235
200209
200261
200216
200212
200220
200300
200230
200234
200214
200238
200196
200229
200311
200256
200212
200209
200251
200226
200210
200222
200216
200206
200257
200313
200207
200215
200237
200264
200235
200224
200222
200194
200191
200222
200206
200212
200237
200216
200231
200229
200232
200225
200260
200243
200224
200213
200193
200244
200208
200240
200254
200267
200242
200210
200258
200239
200210
200209
200237
200216
200319
200273
200211
200208
200261
200206
200288
200205
200216
200213
200222
200225
200199
200191
200199
200208
200291
200262
200200
200214
200229
200220
200281
200224
200221
200305
200275
200245
200209
200214
200235
200197
200220
200243
200268
200269
200192
200261
200217
200203
200274
200214
200214
200209
200203
200242
200270
200202
200238
200225
200204
200235
200228
200188
200249
200194
200210
200193
200210
200309
200250
200226
200279
200219
200256
200234
200248
200260
200222
200228
200267
200274
200206
200225
200222
200200
200214
200217
200277
200197
200201
200212
200223
200204
200210
200242
200259
200234
200210
200229
200214
200188
200270
200250
200244
200198
200232
200225
200209
200202
200232
200239
200304
200211
200276
200252
200199
200245
200207
200223
200225
200188
200219
200237
200239
200252
200202
200214
200217
200210
200241
200213
200244
200259
200206
200232
200219
200222
200233
200208
200213
200239
200225
200289
200195
200214
200255
200218
200252
200273
200244
200206
200202
200215
200219
200234
200213
200292
200187
200206
200220
200255
200220
200294
200231
200210
200212
200205
200195
200230
200241
200210
200282
200240
200248
200207
200210
200208
200201
200204
200233
200290
200205
200258
200235
200202
200261
200279
200256
200290
200267
200200
200213
200199
200229
200226
200248
200323
200202
200239
200224
200223
200231
200235
200186
200213
200230
200242
200200
200230
200227
200218
200283
200230
200221
200237
200220
200268
200292
200249
200230
200203
200215
200246
200257
200233
200225
200210
200239
200227
200227
200244
200220
200188
200246
200192
200259
200196
200206
200214
200232
200212
200215
200247
200207
200211
200221
200258
200242
200208
200256
200229
200273
200253
200236
200195
200262
200236
200293
200309
200203
200212
200266
200210
200217
200319
200202
200214
200322
200223
200195
200212
200241
200192
200209
200220
200274
200240
200274
200284
200208
200199
200204
200286
200195
200216
200236
200203
200212
200263
200237
200237
200235
200233
200192
200203
200193
200223
200228
200201
200233
200300
200199
200206
200215
200205
200215
200219
200226
200223
200202
200257
200256
200198
200183
200220
200221
200203
200237
200206
200219
200231
200232
200214
200273
200216
200198
200233
200200
200210
200226
200198
200251
200193
200280
200203
200230
200203
200200
200203
200221
200296
200219
200211
200219
200232
200238
200270
200288
200223
200197
200245
200203
200205
200254
200216
200276
200204
200208
200231
200235
200238
200221
200223
200239
200249
200213
200289
200253
200212
200227
200207
200229
200236
200261
200275
200222
200265
200198
200208
200263
200283
200205
200206
200220
200253
200223
200250
200216
200199
200215
200268
200206
200203
200245
200285
200247
200254
200227
200256
200223
200209
200195
200209
200262
200202
200268
200192
200228
200241
200227
200238
200325
200225
200214
200267
200221
200226
200211
200214
200244
200229
200234
200236
200250
200202
200193
200242
200193
200239
200234
200230
200217
200232
200192
200215
200223
200224
200248
200226
200207
200244
200192
200235
200227
200238
200217
200224
200200
200231
200239
200242
200225
200221
200229
200217
200213
200212
200223
200224
200185
200208
200236
200280
200190
200266
200236
200227
200226
200203
200218
200223
200222
200187
200275
200247
200237
200217
200227
200214
200205
200226
200190
200249
200185
200203
200259
200210
200198
200257
200286
200230
200193
200224
200217
200209
200220
200295
200236
200213
200228
200211
200236
200299
200204
200215
200291
200259
200212
200279
200217
200224
200208
200257
200250
200241
200206
200233
200205
200182
200245
200246
200248
200194
200203
200228
200231
200197
200214
200290
200334
200209
200228
200231
200218
200264
200221
200215
200207
200198
200232
200214
200224
200203
200215
200236
200210
200226
200246
200187
200197
200309
200219
200216
200251
200269
200226
200215
200241
200189
200235
200237
200232
200252
200203
200229
200200
200212
200205
200216
200245
200216
200270
200213
200249
200259
200215
200214
200232
200234
200211
200231
200266
200231
200212
200236
200227
200247
200271
200241
200220
200229
200310
200242
200236
200185
200223
200243
200193
200223
200212
200223
200222
200199
200193
200223
200186
200232
200212
200210
200237
200239
200226
200241
200233
200206
200225
200246
200197
200210
200240
200225
200254
200236
200243
200194
200243
200215
200227
200234
200214
200231
200280
200216
200227
200227
200219
200272
200230
200229
200250
200232
200225
200248
200185
200275
200208
200290
200237
200195
200219
200264
200240
200220
200255
200239
200236
200215
200261
200209
200233
200223
200217
200260
200238
200213
200265
200216
200204
200179
200226
200298
200225
200214
200205
200228
200215
200278
200210
200264
200237
200254
200203
200207
200231
200199
200256
200197
200233
200218
200211
200213
200209
200192
200222
200226
200299
200233
200252
200253
200238
200219
200227
200223
200224
200278
200234
200219
200209
200223
200213
200205
200230
200212
200201
200208
200209
200237
200208
200251
200246
200231
200212
200211
200218
200237
200275
200200
200277
200278
200206
200231
200260
200312
200199
200215
200226
200257
200220
200244
200212
200209
200225
200220
200204
200226
200208
200298
200196
200212
200204
200240
200294
200217
200184
200217
200200
200239
200206
200192
200218
200217
200248
200208
200273
200234
200222
200278
200215
200299
200245
200208
200224
200207
200234
200210
200196
200257
200271
200269
200295
200250
200273
200209
200261
200216
200240
200284
200226
200241
200199
200226
200215
200233
200248
200205
200223
200254
200252
200229
200199
200278
200243
200188
200220
200225
200227
200240
200221
200214
200229
200235
200238
200213
200286
200203
200262
200252
200258
200212
200196
200232
200233
200204
200211
200192
200214
200225
200230
200237
200231
200216
200222
200221
200192
200223
200294
200249
200193
200205
200245
200213
200252
200215
200239
200247
200254
200211
200266
200343
200224
200219
200248
200224
200246
200261
200205
200224
200209
200231
200241
200302
200221
200213
200263
200188
200209
200210
200222
200195
200193
200261
200193
200332
200264
200203
200301
200205
200321
200199
200236
200191
200225
200220
200253
200203
200232
200213
200216
200196
200280
200273
200213
200206
200246
200220
200227
200282
200191
200219
200201
200206
200230
200207
200236
200247
200247
200206
200210
200231
200224
200215
200202
200247
200209
200261
200234
200242
200218
200217
200304
200222
200251
200246
200210
200257
200222
200208
200222
200253
200214
200240
200230
200212
200332
200241
200227
200202
200271
200208
200198
200209
200211
200250
200209
200206
200240
200236
200223
200192
200213
200301
200196
200210
200232
200283
200264
200197
200212
200243
200245
200275
200215
200224
200200
200209
200203
200256
200261
200232
200251
200217
200290
200237
200234
200264
200255
200193
200231
200230
200214
200218
200215
200211
200220
200227
200295
200219
200219
200241
200252
200189
200203
200256
200227
200220
200221
200207
200216
200222
200223
200243
200206
200200
200218
200183
200220
200194
200253
200232
200217
200223
200230
200305
200232
200257
200200
200225
200211
200254
200213
200303
200280
200213
200214
200276
200218
200221
200229
200201
200214
200242
200178
200294
200245
200220
200237
200222
200191
200221
200247
200279
200194
200206
200236
200235
200227
200242
200220
200191
200240
200240
200215
200248
200300
200207
200214
200194
200206
200215
200278
200207
200200
200234
200271
200235
200211
200234
200246
200219
200209
200230
200202
200204
200262
200228
200241
200270
200202
200216
200237
200190
200207
200224
200204
200228
200185
200259
200240
200228
200251
200238
200223
200191
200255
200251
200279
200229
200278
200200
200214
200213
200248
200211
200219
200227
200226
200242
200246
200215
200230
200278
200212
200217
200222
200267
200206
200226
200210
200196
200218
200220
200260
200236
200226
200217
200216
200222
200206
200251
200297
200196
200236
200243
200240
200214
200208
200226
200199
200252
200196
200232
200197
200194
200205
200229
200209
200222
200238
200224
200202
200230
200217
200195
200260
200237
200214
200214
200215
200241
200235
200226
200213
200247
200250
200225
200236
200264
200291
200226
200259
200256
200208
200216
200215
200202
200227
200275
200216
200195
200216
200214
200211
200246
200205
200216
200204
200211
200217
200210
200205
200251
200234
200212
200234
200231
200273
200235
200210
200257
200243
200224
200232
200234
200248
200213
200283
200200
200235
200207
200217
200251
200209
200208
200238
200235
200250
200239
200190
200243
200231
200192
200215
200207
200192
200235
200257
200225
200230
200213
200231
200200
200213
200205
200222
200190
200367
200198
200202
200219
200253
200226
200224
200223
200228
200261
200194
200239
200205
200233
200236
200235
200208
200270
200253
200222
200222
200217
200252
200234
200216
200209
200228
200207
200247
200235
200305
200231
200205
200240
200218
200202
200252
200217
200226
200224
200289
200227
200270
200212
200226
200196
200280
200269
200211
200302
200229
200239
200227
200231
200235
200230
200273
200289
200192
200223
200217
200276
200277
200218
200233
200211
200203
200247
200243
200222
200195
200203
200227
200251
200251
200245
200233
200231
200265
200235
200236
200218
200206
200216
200197
200207
200192
200246
200234
200225
200207
200186
200205
200318
200216
200243
200190
200220
200229
200235
200209
200337
200201
200227
200234
200261
200189
200225
200281
200209
200215
200188
200253
200215
200307
200215
200229
200207
200283
200215
200214
200187
200248
200300
200233
200304
200197
200195
200224
200264
200266
200204
200253
200239
200270
200238
200212
200207
200205
200239
200210
200221
200216
200250
200197
200192
200228
200214
200215
200197
200274
200262
200223
200258
200219
200207
200257
200269
200209
200277
200204
200281
200243
200223
200223
200259
200238
200233
200256
200283
200194
200243
200253
200177
200200
200285
200236
200243
200242
200224
200191
200270
200211
200195
200218
200210
200219
200350
200193
200266
200226
200208
200216
200216
200220
200201
200187
200253
200219
200214
200219
200214
200261
200242
200215
200205
200220
200211
200218
200195
200206
200225
200212
200259
200256
200198
200228
200226
200214
200210
200241
200195
200241
200235
200277
200212
200212
200266
200243
200222
200235
200217
200215
200215
200248
200237
200199
200220
200215
200260
200201
200225
200231
200216
200223
200216
200230
200242
200222
200246
200225
200212
200274
200210
200219
200227
200218
200222
200229
200215
200284
200184
200235
200229
200287
200250
200230
200233
200202
200244
200237
200220
200268
200236
200236
200225
200231
200219
200220
200213
200199
200199
200212
200207
200246
200234
200221
200242
200270
200208
200213
200202
200294
200250
200195
200223
200218
200230
200263
200184
200287
200318
200218
200205
200209
200239
200293
200199
200224
200219
200220
200210
200281
200262
200204
200196
200226
200241
200259
200229
200261
200204
200215
200204
200205
200219
200298
200305
200263
200326
200264
200237
200212
200283
200217
200201
200237
200278
200233
200194
200178
200206
200226
200239
200221
200240
200215
200222
200216
200209
200243
200240
200268
200307
200222
200252
200246
200223
200220
200222
200218
200206
200196
200275
200209
200268
200225
200220
200235
200223
200216
200279
200222
200221
200271
200238
200280
200191
200194
200248
200218
200257
200337
200265
200204
200223
200235
200237
200209
200247
200200
200266
200210
200227
200214
200351
200230
200230
200225
200232
200198
200285
200193
200256
200257
200221
200270
200215
200211
200223
200256
200208
200227
200241
200222
200263
200210
200287
200259
200217
200234
200199
200192
200245
200217
200278
200213
200245
200209
200205
200234
200293
200231
200225
200199
200216
200225
200222
200216
200203
200313
200215
200212
200216
200208
200202
200201
200232
200190
200197
200295
200221
200218
200244
200201
200402
200206
200221
200226
200214
200201
200262
200223
200221
200217
200258
200205
200309
200264
200268
200201
200279
200209
200203
200236
200210
200213
200227
200218
200248
200206
200235
200213
200233
200191
200204
200196
200216
200214
200205
200200
200237
200225
200211
200200
200251
200215
200257
200228
200245
200255
200232
200249
200226
200213
200285
200250
200241
200203
200205
200206
200219
200215
200246
200195
200205
200277
200285
200225
200258
200230
200195
200212
200253
200214
200215
200207
200226
200215
200282
200228
200240
200192
200332
200199
200211
200224
200193
200226
200225
200243
200221
200236
200242
200261
200192
200220
200217
200198
200254
200240
200224
200220
200227
200212
200301
200217
200247
200242
200253
200258
200213
200309
200264
200256
200277
200214
200243
200259
200233
200234
200263
200231
200243
200189
200256
200238
200274
200190
200193
200232
200218
200235
200227
200224
200249
200223
200200
200247
200204
200240
200247
200229
200250
200235
200263
200220
200226
200225
200195
200226
200203
200206
200198
200262
200200
200218
200276
200209
200269
200205
200231
200220
200207
200233
200282
200228
200244
200223
200272
200266
200276
200224
200243
200225
200306
200198
200210
200216
200207
200204
200217
200259
200220
200199
200251
200268
200238
200225
200274
200258
200196
200282
200217
200237
200233
200213
200221
200283
200222
200287
200245
200212
200265
200209
200236
200247
200277
200229
200219
200232
200204
200227
200208
200263
200287
200199
200223
200211
200244
200221
200180
200209
200215
200254
200257
200201
200243
200200
200252
200263
200247
200247
200188
200276
200194
200211
200218
200256
200221
200199
200240
200210
200244
200279
200196
200218
200212
200355
200221
200208
200268
200205
200244
200262
200208
200229
200209
200231
200202
200308
200219
200227
200239
200207
200230
200220
200229
200236
200238
200208
200227
200249
200217
200253
200194
200289
200198
200272
200207
200272
200234
200226
200198
200226
200222
200215
200213
200248
200234
200226
200204
200190
200243
200188
200227
200288
200226
200206
200233
200239
200225
200208
200206
200194
200233
200231
200198
200255
200190
200266
200227
200338
200215
200259
200217
200239
200274
200219
200260
200225
200215
200201
200213
200275
200268
200208
200216
200196
200272
200210
200242
200198
200205
200243
200283
200241
200207
200213
200237
200200
200185
200235
200198
200206
200239
200221
200210
200224
200204
200260
200255
200226
200248
200235
200250
200224
200205
200224
200244
200266
200225
200203
200257
200208
200225
200238
200222
200236
200251
200232
200207
200324
200280
200269
200253
200224
200218
200241
200232
200205
200245
200239
200254
200206
200211
200237
200205
200202
200211
200266
200205
200215
200204
200220
200266
200205
200226
200216
200198
200222
200204
200274
200204
200220
200232
200258
200221
200203
200233
200212
200196
200247
200205
200227
200221
200230
200208
200209
200203
200233
200202
200274
200214
200257
200229
200256
200250
200247
200224
200223
200195
200284
200217
200294
200204
200247
200222
200212
200176
200202
200227
200243
200200
200206
200215
200215
200236
200201
200206
200210
200219
200212
200202
200270
200193
200222
200204
200231
200229
200238
200205
200201
200228
200248
200262
200227
200184
200229
200283
200205
200209
200225
200259
200217
200297
200218
200202
200200
200281
200214
200183
200217
200216
200211
200255
200205
200266
200230
200193
200296
200232
200183
200202
200234
200231
200225
200255
200239
200202
200240
200227
200211
200272
200216
200214
200246
200225
200208
200273
200258
200191
200211
200200
200268
200193
200218
200196
200212
200205
200210
200277
200218
200251
200261
200248
200246
200236
200274
200215
200187
200222
200197
200231
200192
200199
200259
200225
200245
200222
200227
200239
200214
200198
200251
200264
200168
200214
200211
200200
200193
200239
200249
200203
200242
200243
200207
200231
200209
200196
200211
200220
200210
200197
200217
200238
200211
200247
200206
200247
200257
200229
200194
200196
200243
200224
200226
200256
200288
200202
200205
200212
200221
200261
200235
200201
200199
200314
200196
200231
200271
200197
200272
200209
200248
200206
200193
200224
200265
200297
200241
200219
200195
200206
200242
200197
200259
200323
200217
200229
200223
200200
200307
200209
200261
200239
200190
200192
200288
200239
200207
200195
200216
200291
200236
200233
200201
200240
200194
200221
200202
200205
200204
200212
200235
200210
200204
200205
200199
200225
200208
200220
200201
200209
200211
200298
200223
200262
200270
200225
200258
200279
200230
200206
200217
200230
200203
200215
200223
200198
200234
200225
200203
200215
200238
200180
200289
200264
200211
200258
200218
200194
200234
200206
200193
200249
200191
200211
200218
200237
200186
200222
200233
200333
200231
200282
200264
200236
200205
200269
200244
200249
200223
200187
200232
200238
200189
200279
200214
200203
200275
200217
200263
200235
200187
200198
200231
200196
200210
200238
200227
200197
200249
200201
200207
200276
200250
200191
200256
200227
200210
200211
200277
200299
200188
200292
200219
200250
200210
200190
200237
200218
200237
200254
200199
200241
200221
200254
200218
200206
200209
200208
200319
200212
200234
200261
200224
200206
200252
200191
200239
200214
200224
200191
200289
200199
200197
200272
200306
200228
200215
200225
200205
200226
200201
200195
200227
200204
200227
200236
200193
200242
200231
200210
200273
200230
200229
200228
200263
200234
200244
200269
200258
200243
200206
200208
200226
200211
200190
200214
200214
200203
200233
200303
200227
200239
200212
200227
200210
200237
200204
200207
200268
200224
200217
200181
200308
200225
200260
200201
200230
200242
200242
200219
200270
200230
200288
200197
200274
200202
200276
200260
200229
200212
200298
200227
200241
200239
200302
200209
200242
200220
200212
200216
200246
200199
200238
200257
200207
200230
200215
200196
200228
200234
200261
200226
200196
200195
200232
200199
200296
200180
200240
200222
200205
200213
200220
200198
200326
200219
200246
200190
200208
200209
200184
200211
200213
200234
200201
200195
200207
200242
200218
200239
200237
200207
200241
200256
200231
200209
200250
200245
200263
200204
200224
200244
200254
200243
200236
200280
200221
200218
200259
200222
200207
200241
200228
200211
200216
200368
200237
200206
200262
200234
200220
200239
200227
200287
200200
200216
200214
200213
200256
200230
200226
200238
200197
200275
200225
200243
200268
200189
200230
200226
200230
200261
200223
200237
200335
200249
200259
200235
200216
200231
200244
200206
200215
200217
200248
200223
200228
200189
200206
200209
200249
200233
200200
200235
200206
200210
200210
200257
200205
200199
200192
200237
200213
200192
200256
200225
200217
200242
200227
200257
200238
200213
200236
200196
200277
200218
200219
200234
200199
200213
200188
200189
200203
200246
200188
200217
200213
200189
200268
200186
200218
200225
200228
200223
200214
200266
200309
200230
200257
200179
200220
200249
200231
200226
200197
200195
200272
200197
200223
200242
200209
200278
200238
200230
200256
200209
200214
200197
200222
200210
200237
200298
200243
200228
200192
200248
200206
200201
200242
200229
200216
200224
200214
200211
200227
200232
200244
200218
200221
200218
200210
200205
200234
200224
200200
200202
200204
200271
200286
200226
200206
200231
200189
200337
200296
200203
200233
200207
200238
200207
200244
200209
200230
200211
200214
200255
200214
200308
200232
200225
200220
200221
200237
200341
200229
200207
200216
200226
200275
200246
200210
200264
200213
200213
200224
200195
200202
200237
200386
200208
200272
200245
200245
200206
200218
200195
200214
200233
200230
200202
200227
200229
200223
200209
200201
200235
200261
200226
200227
200238
200217
200263
200205
200192
200297
200248
200215
200234
200231
200236
200219
200237
200197
200198
200261
200214
200192
200230
200243
200215
200196
200202
200212
200325
200240
200229
200189
200229
200238
200223
200281
200291
200201
200245
200237
200263
200220
200234
200279
200231
200234
200236
200263
200205
200235
200213
200251
200212
200275
200260
200205
200223
200233
200213
200237
200363
200199
200258
200249
200340
200225
200197
200192
200241
200285
200253
200214
200206
200235
200208
200214
200232
200213
200207
200213
200218
200233
200258
200200
200222
200218
200208
200174
200225
200205
200215
200229
200201
200229
200216
200221
200220
200202
200331
200249
200244
200243
200239
200258
200205
200220
200193
200267
200214
200261
200220
200271
200199
200263
200207
200233
200245
200257
200222
200178
200226
200239
200227
200230
200229
200199
200282
200217
200232
200265
200243
200235
200291
200293
200203
200215
200271
200206
200231
200298
200222
200273
200221
200207
200186
200231
200192
200240
200206
200242
200229
200191
200222
200249
200221
200242
200246
200235
200225
200269
200240
200206
200218
200211
200233
200284
200258
200216
200243
200238
200218
200239
200221
200226
200217
200195
200219
200206
200222
200219
200217
200202
200220
200233
200215
200248
200250
200205
200263
200222
200251
200263
200223
200230
200221
200208
200256
200256
200247
200235
200213
200217
200216
200220
200305
200216
200208
200205
200261
200225
200197
200266
200205
200219
200213
200203
200233
200206
200229
200235
200288
200268
200235
200243
200257
200201
200310
200312
200219
200230
200270
200217
200262
200251
200215
200223
200218
200227
200222
200239
200216
200220
200187
200206
200212
200220
200273
200197
200206
200210
200231
200228
200204
200268
200308
200241
200222
200200
200245
200204
200211
200212
200223
200227
200280
200217
200228
200239
200216
200279
200195
200222
200222
200217
200210
200253
200208
200258
200205
200195
200197
200216
200202
200251
200205
200272
200191
200225
200322
200219
200194
200224
200263
200230
200201
200237
200169
200269
200225
200229
200202
200193
200226
200214
200183
200259
200210
200248
200185
200227
200212
200208
200245
200241
200219
200214
200213
200215
200285
200227
200211
200208
200216
200197
200211
200265
200236
200205
200228
200286
200201
200214
200218
200227
200217
200216
200204
200285
200254
200226
200239
200208
200194
200237
200230
200278
200230
200229
200339
200264
200192
200241
200249
200211
200200
200257
200239
200228
200294
200224
200221
200219
200259
200226
200201
200211
200208
200232
200265
200304
200221
200202
200236
200211
200210
200221
200229
200236
200227
200201
200206
200255
200241
200233
200210
200212
200227
200231
200219
200202
200238
200205
200228
200250
200209
200234
200206
200183
200285
200220
200215
200286
200228
200181
200233
200220
200287
200205
200260
200199
200218
200236
200213
200321
200253
200238
200245
200276
200211
200229
200211
200252
200203
200208
200191
200213
200203
200267
200216
200251
200203
200272
200223
200215
200229
200227
200233
200209
200268
200221
200227
200237
200229
200280
200210
200265
200243
200196
200257
200304
200230
200244
200220
200197
200227
200211
200209
200216
200246
200256
200216
200259
200190
200216
200221
200209
200220
200239
200196
200186
200208
200210
200199
200215
200202
200199
200215
200234
200229
200208
200241
200209
200200
200240
200257
200189
200274
200198
200235
200198
200246
200207
200236
200265
200245
200216
200243
200219
200190
200213
200227
200203
200210
200198
200264
200268
200242
200204
200244
200272
200216
200248
200213
200203
200206
200262
200235
200214
200213
200205
200242
200234
200220
200220
200297
200238
200298
200257
200217
200183
200261
200209
200296
200276
200197
200272
200210
200224
200208
200202
200227
200238
200215
200204
200233
200266
200241
200244
200206
200266
200242
200201
200223
200227
200221
200219
200203
200232
200231
200211
200215
200214
200205
200209
200215
200199
200226
200225
200208
200223
200273
200222
200273
200211
200221
200224
200249
200261
200234
200225
200214
200221
200206
200235
200262
200231
200212
200226
200238
200253
200238
200198
200247
200217
200316
200250
200246
200250
200286
200265
200233
200215
200221
200275
200187
200225
200193
200224
200207
200256
200201
200249
200239
200238
200215
200217
200223
200220
200202
200249
200215
200251
200209
200196
200227
200285
200190
200298
200221
200216
200199
200240
200188
200227
200206
200273
200222
200233
200237
200192
200203
200241
200206
200255
200226
200225
200242
200228
200198
200232
200206
200199
200236
200226
200222
200196
200240
200208
200208
200238
200248
200196
200342
200208
200231
200174
200257
200229
200213
200230
200199
200198
200168
200247
200206
200271
200256
200307
200206
200238
200216
200212
200202
200284
200250
200193
200231
200221
200193
200219
200226
200206
200260
200225
200199
200232
200210
200237
200214
200265
200211
200243
200267
200376
200287
200234
200222
200265
200239
200241
200234
200244
200230
200225
200256
200188
200226
200272
200286
200245
200221
200286
200188
200250
200278
200224
200216
200215
200215
200229
200261
200202
200235
200195
200256
200289
200211
200213
200211
200212
200211
200212
200230
200256
200191
200224
200300
200225
200207
200203
200248
200242
200204
200232
200223
200258
200210
200269
200225
200251
200212
200223
200220
200213
200235
200241
200209
200220
200197
200217
200271
200224
200232
200215
200264
200207
200255
200275
200208
200312
200213
200236
200216
200227
200310
200251
200201
200262
200233
200243
200284
200205
200199
200207
200231
200240
200234
200235
200192
200195
200219
200200
200242
200198
200195
200215
200227
200212
200232
200210
200244
200211
200211
200222
200266
200190
200241
200267
200221
200233
200244
200216
200251
200202
200243
200197
200250
200223
200267
200230
200256
200263
200193
200231
200235
200200
200216
200273
200187
200213
200266
200216
200214
200233
200228
200245
200196
200217
200248
200208
200247
200301
200243
200204
200213
200194
200238
200209
200206
200287
200227
200215
200234
200232
200203
200227
200214
200243
200229
200279
200200
200197
200194
200234
200257
200222
200237
200208
200191
200193
200216
200227
200219
200225
200256
200242
200202
200230
200194
200216
200256
200232
200282
200251
200301
200269
200193
200215
200203
200265
200243
200202
200245
200211
200238
200231
200199
200221
200202
200214
200207
200232
200259
200286
200189
200259
200211
200199
200277
200219
200231
200205
200206
200223
200241
200255
200210
200261
200206
200233
200195
200238
200198
200217
200256
200226
200324
200223
200209
200232
200210
200220
200222
200251
200227
200221
200243
200233
200215
200219
200252
200202
200205
200223
200217
200232
200262
200209
200179
200226
200350
200238
200241
200267
200243
200201
200219
200221
200240
200201
200237
200218
200202
200252
200218
200395
200271
200274
200202
200231
200211
200210
200243
200185
200220
200261
200222
200278
200212
200230
200207
200230
200199
200293
200206
200202
200280
200200
200227
200225
200196
200214
200245
200203
200233
200202
200196
200230
200216
200253
200255
200234
200196
200209
200233
200225
200222
200230
200212
200239
200264
200198
200356
200250
200200
200235
200277
200218
200229
200219
200206
200296
200192
200224
200228
200270
200202
200218
200246
200245
200249
200269
200233
200212
200213
200222
200204
200205
200217
200242
200198
200219
200318
200212
200253
200247
200205
200213
200193
200202
200222
200213
200228
200256
200239
200224
200242
200198
200280
200229
200217
200230
200214
200198
200246
200219
200195
200188
200227
200187
200205
200212
200279
200204
200206
200212
200310
200180
200224
200236
200245
200208
200219
200238
200222
200190
200195
200201
200206
200223
200219
200203
200236
200223
200257
200257
200238
200242
200223
200269
200198
200203
200230
200219
200242
200224
200251
200202
200189
200235
200290
200215
200210
200238
200222
200242
200211
200246
200255
200235
200236
200206
200205
200253
200219
200260
200270
200265
200216
200213
200216
200288
200225
200225
200257
200255
200217
200286
200214
200207
200222
200240
200185
200236
200238
200221
200253
200199
200224
200216
200216
200218
200223
200211
200219
200296
200241
200254
200257
200263
200270
200286
200221
200286
200285
200249
200279
200225
200217
200307
200257
200243
200235
200248
200209
200233
200195
200234
200235
200191
200201
200233
200218
200219
200224
200222
200270
200257
200211
200202
200187
200205
200251
200210
200231
200208
200217
200197
200247
200206
200194
200222
200207
200234
200310
200266
200227
200215
200303
200205
200205
200241
200243
200222
200235
200197
200206
200226
200207
200214
200233
200265
200236
200205
200199
200332
200216
200218
200304
200237
200216
200221
200213
200222
200271
200253
200301
200240
200304
200255
200242
200247
200215
200253
200211
200201
200257
200232
200213
200220
200274
200281
200225
200214
200297
200206
200240
200217
200229
200314
200246
200231
200230
200281
200251
200205
200229
200289
200204
200211
200209
200171
200265
200207
200247
200217
200193
200250
200231
200240
200207
200224
200243
200290
200216
200205
200202
200197
200233
200246
200217
200219
200222
200200
200206
200237
200193
200236
200216
200251
200234
200216
200209
200216
200226
200259
200233
200201
200202
200225
200233
200231
200183
200204
200213
200203
200216
200209
200208
200204
200243
200283
200219
200246
200208
200249
200290
200232
200203
200224
200209
200285
200200
200253
200243
200225
200203
200211
200266
200215
200199
200210
200236
200206
200202
200205
200197
200287
200261
200258
200219
200211
200228
200229
200205
200233
200208
200253
200225
200212
200215
200221
200244
200191
200204
200244
200218
200236
200207
200265
200241
200238
200241
200233
200275
200218
200266
200208
200214
200187
200211
200215
200199
200277
200256
200266
200187
200300
200214
200189
200208
200201
200238
200188
200243
200245
200261
200207
200209
200211
200268
200226
200220
200209
200251
200214
200286
200202
200261
200233
200218
200208
200233
200230
200192
200261
200232
200213
200208
200227
200214
200255
200249
200237
200230
200225
200232
200224
200236
200214
200234
200251
200216
200226
200208
200189
200193
200198
200240
200216
200253
200269
200203
200201
200202
200283
200226
200202
200381
200236
200295
200221
200235
200214
200207
200197
200243
200182
200284
200197
200206
200255
200241
200227
200233
200278
200197
200219
200215
200217
200219
200238
200232
200204
200229
200210
200220
200207
200202
200209
200212
200228
200257
200212
200203
200228
200240
200206
200237
200199
200236
200221
200224
200209
200218
200324
200226
200203
200200
200273
200242
200217
200240
200264
200206
200199
200219
200216
200207
200185
200213
200208
200225
200226
200263
200309
200218
200221
200252
200248
200210
200215
200201
200200
200204
200221
200217
200232
200207
200256
200275
200241
200220
200183
200216
200206
200227
200209
200198
200261
200228
200219
200229
200217
200227
200213
200200
200211
200203
200200
200236
200219
200193
200256
200229
200191
200245
200207
200238
200231
200271
200228
200224
200223
200240
200206
200207
200232
200205
200210
200271
200236
200213
200278
200209
200228
200229
200217
200203
200272
200220
200261
200221
200201
200288
200191
200217
200209
200236
200193
200223
200228
200215
200239
200216
200232
200231
200216
200215
200231
200292
200205
200230
200272
200206
200218
200255
200212
200243
200236
200199
200226
200219
200194
200216
200210
200243
200277
200203
200217
200225
200238
200212
200226
200240
200208
200199
200250
200303
200229
200215
200259
200217
200213
200221
200287
200281
200268
200234
200187
200195
200227
200226
200220
200223
200202
200253
200208
200258
200236
200231
200252
200201
200245
200310
200225
200208
200225
200230
200240
200220
200215
200206
200283
200252
200195
200206
200192
200205
200213
200232
200243
200225
200271
200193
200284
200215
200202
200197
200236
200226
200196
200236
200220
200190
200270
200191
200207
200239
200230
200205
200231
200291
200188
200219
200253
200211
200191
200214
200235
200227
200290
200217
200250
200297
200265
200189
200236
200302
200194
200223
200205
200204
200228
200273
200225
200215
200220
200267
200324
200249
200216
200239
200289
200264
200212
200223
200292
200228
200314
200240
200180
200291
200254
200267
200208
200220
200249
200233
200271
200264
200234
200217
200199
200218
200190
200196
200225
200249
200265
200200
200202
200231
200224
200206
200243
200219
200265
200227
200220
200242
200211
200225
200235
200210
200207
200207
200204
200223
200201
200215
200341
200241
200232
200263
200241
200230
200287
200199
200205
200241
200197
200235
200187
200222
200210
200204
200253
200210
200196
200244
200205
200207
200191
200214
200211
200234
200212
200197
200227
200223
200222
200205
200249
200275
200197
200267
200195
200217
200227
200247
200239
200241
200236
200233
200220
200214
200302
200192
200209
200252
200254
200303
200204
200210
200236
200208
200217
200196
200300
200227
200215
200208
200211
200197
200235
200233
200226
200219
200206
200193
200210
200212
200219
200241
200201
200291
200209
200295
200224
200198
200207
200227
200203
200219
200207
200196
200199
200239
200202
200241
200220
200241
200295
200217
200216
200237
200223
200225
200256
200257
200207
200214
200250
200227
200228
200233
200243
200200
200204
200285
200235
200204
200221
200225
200217
200226
200226
200262
200213
200223
200193
200230
200205
200246
200214
200227
200228
200229
200210
200204
200219
200216
200243
200214
200238
200261
200278
200222
200190
200259
200197
200199
200205
200359
200237
200214
200228
200213
200248
200248
200347
200202
200191
200207
200210
200269
200235
200178
200248
200235
200201
200221
200294
200225
200232
200234
200268
200236
200209
200205
200232
200227
200215
200259
200264
200230
200232
200203
200238
200272
200207
200236
200268
200234
200241
200217
200235
200182
200187
200183
200205
200247
200282
200313
200232
200286
200210
200229
200225
200220
200230
200208
200226
200258
200240
200211
200333
200195
200222
200298
200208
200208
200319
200220
200229
200235
200237
200215
200221
200204
200196
200261
200195
200201
200245
200235
200213
200197
200263
200262
200213
200259
200225
200275
200220
200202
200207
200190
200204
200216
200218
200210
200244
200240
200228
200243
200210
200199
200192
200206
200257
200211
200230
200189
200230
200227
200215
200203
200211
200214
200228
200224
200204
200212
200227
200242
200245
200197
200229
200247
200220
200252
200257
200212
200222
200224
200232
200266
200244
200228
200231
200251
200237
200222
200189
200366
200267
200209
200233
200255
200211
200233
200234
200212
200240
200274
200250
200211
200214
200205
200252
200236
200223
200230
200231
200192
200194
200226
200329
200206
200224
200216
200255
200328
200231
200239
200233
200240
200205
200224
200225
200212
200250
200229
200259
200221
200206
200226
200221
200270
200294
200231
200212
200226
200199
200212
200237
200207
200193
200253
200215
200207
200201
200252
200216
200246
200193
200232
200245
200206
200336
200212
200204
200206
200204
200259
200331
200225
200268
200198
200231
200212
200238
200263
200284
200264
200189
200222
200213
200203
200273
200246
200306
200257
200226
200201
200224
200202
200202
200226
200217
200220
200185
200191
200204
200189
200227
200252
200200
200264
200279
200283
200220
200224
200248
200234
200221
200236
200233
200192
200223
200227
200217
200230
200203
200223
200237
200228
200298
200322
200237
200234
200214
200216
200216
200205
200230
200199
200248
200252
200183
200239
200254
200208
200210
200179
200216
200218
200236
200225
200224
200209
200188
200234
200232
200245
200222
200216
200197
200215
200250
200281
200200
200255
200198
200216
200205
200217
200201
200253
200193
200225
200226
200229
200209
200245
200218
200271
200199
200300
200226
200216
200200
200187
200215
200204
200208
200212
200256
200248
200213
200205
200207
200214
200195
200218
200216
200219
200208
200207
200213
200228
200232
200216
200250
200242
200214
200228
200254
200207
200245
200258
200212
200200
200254
200204
200270
200223
200199
200290
200216
200200
200194
200233
200258
200244
200278
200199
200213
200220
200223
200216
200214
200222
200244
200222
200211
200235
200208
200236
200250
200253
200205
200263
200286
200241
200216
200221
200196
200273
200229
200252
200235
200256
200211
200232
200203
200228
200223
200212
200218
200348
200227
200259
200197
200221
200213
200227
200242
200200
200232
200199
200195
200245
200292
200212
200293
200298
200234
200211
200220
200227
200230
200196
200249
200219
200204
200221
200222
200225
200216
200198
200235
200251
200222
200288
200216
200278
200201
200351
200245
200224
200304
200298
200222
200317
200249
200235
200245
200218
200255
200201
200253
200250
200225
200204
200226
200209
200208
200224
200420
200238
200224
200217
200225
200234
200267
200253
200200
200273
200251
200203
200265
200260
200213
200194
200236
200231
200206
200240
200255
200262
200192
200200
200254
200211
200209
200258
200254
200190
200276
200224
200203
200216
200219
200225
200234
200218
200284
200245
200261
200258
200231
200228
200238
200183
200229
200246
200225
200205
200251
200206
200272
200241
200206
200204
200298
200190
200193
200207
200220
200214
200216
200213
200205
200203
200225
200224
200231
200241
200211
200206
200233
200210
200206
200225
200264
200210
200196
200228
200197
200219
200197
200309
200234
200218
200208
200204
200232
200193
200222
200270
200215
200248
200228
200223
200252
200213
200216
200232
200236
200215
200251
200292
200214
200196
200253
200231
200258
200270
200189
200189
200221
200238
200208
200194
200266
200281
200256
200239
200211
200213
200233
200246
200248
200223
200212
200233
200193
200217
200233
200301
200246
200209
200276
200248
200258
200302
200209
200226
200219
200218
200262
200222
200199
200223
200262
200227
200204
200223
200219
200226
200190
200216
200215
200196
200247
200310
200215
200205
200236
200281
200216
200200
200268
200194
200252
200212
200219
200244
200213
200219
200213
200236
200222
200216
200204
200233
200232
200240
200201
200221
200214
200195
200209
200220
200246
200239
200291
200242
200220
200240
200254
200240
200200
200240
200250
200204
200213
200201
200254
200215
200205
200318
200267
200210
200250
200217
200202
200206
200243
200188
200240
200221
200216
200232
200217
200255
200210
200235
200222
200244
200204
200193
200240
200219
200246
200224
200199
200222
200218
200262
200232
200254
200213
200239
200217
200204
200234
200307
200227
200212
200243
200228
200286
200260
200190
200242
200245
200236
200216
200220
200289
200246
200236
200217
200260
200226
200208
200220
200236
200232
200298
200184
200240
200210
200229
200240
200202
200195
200207
200221
200217
200236
200217
200232
200210
200224
200209
200208
200191
200244
200234
200254
200202
200255
200264
200207
200216
200205
200235
200258
200193
200301
200270
200184
200237
200220
200241
200207
200205
200202
200185
200236
200258
200209
200255
200262
200275
200268
200229
200221
200218
200217
200231
200261
200265
200238
200223
200230
200237
200216
200289
200203
200273
200186
200247
200217
200239
200213
200217
200289
200226
200230
200249
200240
200225
200202
200252
200251
200246
200215
200259
200213
200209
200222
200210
200209
200201
200225
200271
200217
200235
200201
200207
200240
200244
200207
200225
200200
200255
200234
200192
200216
200269
200262
200232
200282
200255
200217
200238
200232
200308
200275
200211
200227
200220
200200
200229
200241
200246
200206
200247
200247
200269
200227
200280
200214
200225
200246
200237
200233
200225
200241
200222
200210
200213
200234
200241
200221
200241
200235
200248
200222
200245
200209
200212
200210
200207
200243
200206
200269
200210
200255
200226
200244
200238
200219
200227
200223
200210
200250
200222
200239
200241
200255
200237
200199
200226
200221
200227
200259
200244
200241
200245
200240
200209
200272
200269
200272
200214
200226
200249
200217
200259
200254
200208
200228
200266
200254
200193
200219
200249
200280
200205
200214
200191
200234
200302
200225
200232
200251
200237
200264
200231
200212
200219
200239
200250
200237
200289
200229
200231
200253
200203
200210
200211
200201
200242
200193
200223
200250
200206
200217
200209
200225
200189
200260
200235
200186
200244
200228
200242
200204
200260
200207
200234
200245
200222
200221
200208
200208
200222
200236
200231
200222
200188
200198
200223
200190
200353
200201
200217
200184
200214
200215
200240
200263
200258
200239
200204
200206
200251
200237
200281
200202
200193
200234
200192
200230
200225
200242
200223
200231
200204
200204
200211
200202
200262
200203
200223
200220
200252
200245
200213
200256
200226
200200
200254
200234
200230
200237
200241
200271
200224
200235
200279
200193
200218
200260
200229
200205
200210
200252
200212
200239
200302
200219
200205
200224
200203
200228
200208
200188
200295
200201
200214
200233
200201
200230
200217
200211
200235
200223
200212
200215
200198
200221
200229
200235
200206
200223
200216
200213
200182
200199
200228
200295
200227
200257
200209
200229
200269
200306
200234
200213
200217
200237
200227
200189
200254
200276
200187
200247
200223
200216
200204
200215
200211
200280
200237
200196
200220
200220
200226
200207
200221
200236
200271
200268
200252
200192
200246
200241
200227
200230
200247
200227
200222
200293
200246
200216
200222
200328
200245
200236
200261
200208
200234
200201
200206
200225
200236
200197
200215
200223
200215
200226
200203
200287
200281
200237
200209
200191
200217
200274
200220
200268
200206
200236
200208
200221
200226
200229
200246
200278
200227
200239
200247
200228
200279
200335
200246
200205
200222
200242
200214
200206
200226
200293
200210
200198
200233
200283
200210
200227
200226
200206
200219
200275
200277
200240
200217
200188
200214
200225
200219
200289
200266
200242
200212
200215
200270
200212
200222
200217
200259
200212
200230
200206
200259
200247
200203
200215
200234
200289
200224
200223
200201
200245
200218
200233
200194
200248
200207
200285
200218
200237
200216
200218
200231
200204
200212
200353
200262
200244
200271
200243
200217
200250
200217
200191
200288
200225
200188
200261
200214
200219
200215
200245
200231
200202
200198
200223
200240
200219
200197
200207
200303
200203
200262
200283
200239
200205
200201
200209
200205
200223
200244
200210
200219
200240
200212
200218
200239
200212
200186
200231
200243
200235
200243
200220
200242
200278
200217
200233
200222
200228
200229
200243
200200
200229
200248
200216
200206
200227
200194
200191
200226
200187
200227
200227
200237
200236
200260
200194
200254
200248
200211
200229
200228
200229
200194
200262
200266
200233
200296
200220
200212
200230
200250
200197
200210
200217
200225
200197
200191
200206
200215
200224
200241
200208
200261
200176
200212
200191
200212
200227
200248
200201
200293
200232
200203
200222
200221
200220
200231
200222
200308
200257
200240
200255
200197
200273
200207
200200
200287
200248
200259
200257
200231
200219
200293
200234
200209
200240
200208
200341
200230
200208
200201
200194
200224
200203
200209
200334
200256
200230
200233
200193
200242
200192
200234
200238
200236
200192
200195
200207
200232
200193
200239
200241
200204
200278
200259
200236
200229
200294
200204
200257
200223
200204
200229
200233
200204
200211
200219
200257
200248
200265
200198
200222
200277
200187
200227
200230
200271
200210
200227
200262
200218
200216
200262
200200
200250
200226
200226
200217
200209
200269
200280
200228
200191
200238
200283
200214
200234
200255
200272
200265
200195
200246
200228
200193
200206
200215
200222
200295
200253
200246
200277
200232
200215
200226
200202
200205
200309
200263
200210
200219
200249
200245
200238
200238
200297
200276
200209
200234
200231
200233
200221
200217
200226
200242
200209
200233
200230
200189
200244
200243
200198
200230
200237
200251
200242
200218
200236
200235
200225
200251
200255
200209
200228
200197
200204
200234
200204
200255
200194
200213
200204
200199
200204
200193
200208
200218
200204
200247
200260
200220
200200
200233
200213
200265
200205
200217
200229
200229
200267
200217
200212
200208
200183
200190
200236
200213
200230
200203
200208
200202
200228
200274
200199
200198
200289
200286
200212
200257
200273
200250
200234
200298
200205
200220
200245
200236
200233
200197
200258
200218
200198
200207
200198
200217
200217
200280
200308
200248
200238
200249
200211
200226
200197
200244
200275
200201
200259
200261
200264
200244
200214
200213
200197
200231
200221
200222
200224
200243
200224
200181
200196
200184
200203
200303
200275
200214
200221
200247
200201
200209
200220
200234
200225
200229
200224
200228
200211
200224
200231
200235
200217
200234
200280
200242
200251
200242
200227
200245
200237
200232
200219
200247
200240
200228
200223
200208
200229
200199
200249
200253
200204
200292
200222
200296
200196
200234
200225
200211
200206
200231
200217
200203
200211
200268
200191
200224
200219
200207
200194
200233
200209
200248
200203
200217
200221
200240
200211
200288
200194
200208
200177
200284
200201
200217
200204
200215
200250
200215
200280
200287
200211
200315
200261
200253
200290
200211
200287
200268
200245
200234
200219
200214
200264
200212
200201
200230
200224
200247
200229
200217
200191
200193
200229
200243
200210
200234
200249
200215
200213
200192
200198
200197
200208
200221
200242
200189
200214
200223
200207
200215
200240
200222
200204
200207
200262
200227
200201
200233
200240
200268
200220
200247
200199
200224
200272
200194
200284
200207
200236
200249
200229
200195
200235
200241
200218
200263
200214
200262
200248
200248
200242
200234
200238
200210
200228
200252
200272
200221
200231
200207
200211
200247
200200
200197
200197
200270
200235
200221
200211
200204
200200
200214
200219
200243
200223
200248
200226
200210
200196
200213
200228
200204
200240
200217
200218
200221
200271
200217
200251
200194
200192
200245
200218
200252
200240
200203
200242
200228
200253
200259
200232
200263
200222
200207
200228
200240
200297
200245
200248
200271
200230
200283
200218
200218
200198
200258
200229
200217
200185
200209
200213
200242
200205
200223
200202
200220
200199
200227
200228
200261
200210
200261
200198
200224
200254
200185
200309
200304
200222
200213
200211
200201
200240
200245
200225
200231
200217
200233
200261
200228
200219
200208
200263
200278
200194
200270
200204
200231
200266
200203
200230
200246
200213
200218
200206
200221
200269
200226
200230
200225
200255
200256
200262
200213
200210
200260
200214
200307
200249
200185
200283
200246
200200
200258
200210
200249
200200
200209
200243
200287
200278
200191
200245
200225
200288
200236
200239
200214
200212
200231
200264
200237
200207
200238
200216
200194
200232
200205
200228
200244
200213
200210
200247
200262
200251
200200
200212
200221
200281
200235
200280
200235
200242
200251
200238
200194
200218
200210
200213
200214
200242
200211
200196
200227
200259
200207
200221
200232
200229
200226
200332
200215
200222
200216
200226
200259
200207
200208
200239
200233
200238
200241
200242
200211
200216
200234
200322
200228
200253
200212
200229
200232
200222
200221
200251
200211
200206
200392
200242
200236
200223
200232
200211
200239
200202
200211
200236
200222
200226
200248
200210
200368
200216
200269
200210
200225
200218
200253
200224
200209
200265
200238
200282
200201
200183
200300
200204
200264
200270
200252
200243
200217
200207
200226
200245
200263
200244
200195
200255
200335
200203
200277
200260
200240
200212
200224
200268
200241
200213
200217
200219
200213
200188
200188
200187
200213
200201
200236
200246
200201
200253
200220
200214
200213
200201
200233
200304
200246
200204
200243
200286
200296
200219
200193
200233
200229
200214
200215
200218
200229
200237
200212
200208
200235
200210
200244
200196
200243
200224
200206
200212
200220
200235
200285
200218
200224
200224
200239
200236
200214
200225
200235
200186
200208
200185
200219
200314
200203
200231
200214
200237
200254
200258
200224
200221
200274
200266
200209
200282
200217
200218
200222
200238
200200
200207
200212
200287
200231
200201
200201
200215
200269
200221
200216
200205
200275
200216
200248
200203
200275
200246
200236
200201
200250
200205
200222
200281
200256
200209
200219
200237
200205
200230
200275
200212
200314
200220
200321
200224
200254
200332
200227
200223
200225
200213
200218
200289
200304
200268
200190
200195
200254
200217
200199
200205
200216
200222
200245
200201
200262
200227
200208
200186
200195
200201
200214
200216
200303
200231
200232
200221
200215
200198
200197
200219
200216
200224
200319
200212
200219
200250
200226
200213
200232
200227
200289
200252
200230
200184
200196
200232
200224
200252
200223
200251
200233
200197
200214
200234
200205
200240
200246
200231
200232
200222
200212
200198
200265
200221
200217
200242
200320
200217
200225
200288
200233
200252
200206
200250
200218
200235
200201
200252
200197
200202
200232
200207
200229
200248
200258
200251
200188
200219
200205
200218
200217
200197
200263
200218
200241
200192
200191
200216
200225
200213
200259
200203
200239
200218
200215
200245
200216
200248
200209
200215
200222
200270
200219
200203
200264
200206
200254
200225
200239
200257
200225
200205
200199
200203
200204
200262
200245
200274
200261
200219
200230
200236
200226
200221
200209
200258
200228
200238
200216
200206
200235
200239
200225
200210
200209
200233
200204
200201
200262
200199
200202
200258
200227
200239
200233
200275
200253
200211
200233
200214
200285
200252
200219
200194
200186
200217
200231
200247
200210
200233
200200
200237
200195
200192
200200
200234
200218
200229
200270
200233
200243
200212
200261
200200
200220
200227
200204
200384
200223
200232
200210
200194
200223
200235
200219
200235
200196
200243
200196
200196
200256
200210
200211
200225
200214
200214
200213
200210
200216
200216
200234
200196
200214
200203
200239
200235
200241
200217
200213
200285
200250
200216
200246
200273
200259
200222
200245
200289
200219
200208
200266
200247
200195
200193
200223
200248
200195
200201
200209
200246
200223
200223
200246
200193
200215
200229
200215
200215
200229
200250
200237
200210
200217
200184
200240
200241
200219
200210
200198
200221
200207
200225
200235
200232
200242
200236
200240
200256
200210
200198
200261
200250
200297
200203
200197
200231
200245
200251
200237
200229
200248
200237
200204
200205
200232
200241
200223
200198
200198
200242
200200
200242
200229
200200
200248
200274
200225
200234
200188
200218
200266
200265
200217
200215
200233
200262
200192
200214
200224
200215
200233
200207
200276
200222
200222
200217
200232
200188
200267
200263
200239
200206
200233
200226
200241
200222
200236
200201
200209
200233
200205
200200
200207
200279
200193
200223
200224
200226
200258
200191
200196
200202
200218
200218
200193
200225
200278
200231
200215
200198
200215
200252
200250
200212
200196
200295
200215
200270
200194
200227
200209
200224
200224
200243
200211
200293
200223
200206
200218
200237
200242
200255
200260
200248
200263
200228
200298
200261
200212
200217
200231
200201
200167
200225
200210
200215
200216
200192
200198
200278
200237
200277
200289
200210
200248
200215
200194
200246
200218
200245
200216
200278
200271
200218
200196
200267
200308
200225
200211
200242
200232
200208
200212
200244
200210
200207
200265
200278
200234
200217
200304
200206
200244
200236
200244
200241
200346
200282
200259
200224
200221
200224
200184
200224
200230
200259
200299
200242
200245
200223
200216
200221
200203
200208
200229
200256
200227
200223
200220
200239
200204
200197
200261
200239
200242
200235
200245
200277
200206
200206
200256
200237
200216
200204
200246
200260
200259
200246
200254
200221
200195
200205
200235
200201
200208
200263
200211
200328
200198
200209
200224
200253
200201
200247
200197
200262
200204
200220
200236
200242
200235
200230
200256
200213
200255
200214
200225
200211
200290
200206
200208
200220
200231
200206
200193
200245
200229
200192
200218
200270
200205
200216
200221
200212
200243
200201
200225
200201
200208
200252
200197
200236
200259
200212
200205
200205
200226
200281
200243
200246
200229
200193
200212
200204
200198
200225
200190
200228
200234
200192
200208
200214
200229
200225
200205
200212
200214
200208
200324
200255
200224
200229
200259
200215
200257
200259
200220
200262
200238
200239
200217
200208
200242
200195
200208
200223
200210
200223
200241
200285
200252
200243
200223
200240
200266
200201
200196
200223
200253
200236
200226
200281
200224
200251
200211
200235
200243
200210
200224
200243
200247
200235
200213
200273
200201
200243
200230
200215
200222
200208
200294
200248
200243
200279
200236
200206
200199
200198
200255
200259
200320
200313
200236
200254
200229
200257
200211
200223
200201
200207
200209
200239
200223
200268
200251
200208
200207
200214
200189
200219
200230
200203
200210
200268
200224
200227
200251
200206
200191
200216
200247
200281
200226
200234
200222
200195
200239
200204
200208
200223
200200
200242
200207
200237
200271
200312
200230
200199
200204
200207
200212
200215
200222
200214
200222
200223
200222
200212
200216
200214
200200
200203
200209
200223
200202
200214
200211
200225
200252
200228
200247
200212
200239
200215
200194
200246
200252
200193
200243
200249
200222
200279
200216
200241
200184
200211
200196
200236
200230
200240
200211
200227
200214
200233
200246
200199
200201
200244
200269
200203
200212
200228
200219
200236
200234
200208
200362
200197
200248
200203
200203
200210
200236
200207
200241
200206
200215
200239
200225
200226
200232
200210
200219
200223
200269
200279
200219
200221
200213
200218
200247
200199
200231
200238
200259
200206
200207
200242
200193
200189
200213
200203
200265
200242
200212
200209
200236
200196
200274
200229
200250
200270
200206
200235
200222
200231
200202
200215
200260
200190
200217
200207
200237
200240
200213
200203
200214
200220
200212
200208
200277
200232
200244
200249
200219
200273
200209
200208
200246
200287
200248
200220
200213
200213
200258
200243
200257
200242
200223
200223
200214
200220
200219
200208
200189
200268
200211
200186
200246
200189
200224
200226
200282
200203
200228
200217
200204
200224
200211
200225
200211
200204
200240
200215
200233
200261
200237
200215
200245
200242
200223
200254
200286
200206
200206
200224
200221
200213
200237
200216
200222
200189
200227
200203
200219
200201
200221
200247
200219
200259
200216
200203
200197
200235
200230
200223
200203
200212
200244
200231
200207
200213
200246
200251
200201
200252
200225
200243
200244
200223
200196
200214
200205
200237
200212
200214
200248
200237
200218
200222
200209
200207
200235
200208
200210
200253
200239
200192
200202
200299
200219
200247
200214
200232
200273
200203
200255
200193
200214
200195
200212
200219
200251
200211
200271
200197
200211
200252
200209
200258
200203
200303
200231
200220
200207
200223
200207
200196
200258
200213
200244
200219
200304
200199
200221
200287
200250
200210
200241
200249
200197
200222
200203
200349
200237
200199
200219
200224
200257
200214
200214
200228
200194
200213
200181
200204
200202
200214
200219
200240
200226
200252
200204
200227
200251
200329
200224
200229
200230
200243
200242
200210
200298
200248
200244
200252
200241
200236
200223
200247
200203
200239
200260
200232
200209
200232
200278
200230
200212
200237
200239
200203
200225
200243
200317
200210
200230
200210
200266
200219
200182
200229
200246
200260
200291
200258
200237
200246
200233
200219
200217
200233
200249
200242
200218
200251
200219
200219
200289
200233
200224
200313
200210
200347
200225
200209
200219
200229
200213
200215
200232
200212
200195
200208
200204
200208
200251
200300
200212
200210
200192
200255
200197
200240
200247
200271
200199
200213
200224
200226
200311
200208
200238
200310
200226
200208
200260
200247
200209
200205
200207
200199
200297
200218
200188
200233
200279
200262
200256
200231
200206
200233
200196
200275
200250
200243
200243
200203
200218
200225
200235
200212
200235
200205
200219
200203
200234
200211
200229
200270
200245
200245
200231
200265
200206
200203
200231
200232
200205
200240
200177
200219
200260
200194
200251
200212
200229
200224
200247
200206
200229
200200
200191
200232
200216
200201
200224
200204
200226
200213
200323
200183
200215
200244
200241
200248
200244
200210
200241
200290
200275
200208
200216
200257
200223
200289
200251
200193
200204
200211
200207
200219
200205
200237
200244
200216
200212
200265
200224
200265
200221
200203
200195
200238
200230
200206
200282
