200148
200167
200158
200132
200168
200150
200153
200162
200151
200151
200189
200147
200185
200153
200171
200155
200199
200173
200176
200144
200167
200152
200167
200149
200163
200144
200155
200175
200167
200154
200144
200135
200159
200144
200155
200142
200143
200182
200141
200199
200196
200143
200135
200138
200151
200135
200150
200162
200207
200164
200143
200157
200143
200162
200135
200138
200142
200152
200197
200142
200141
200137
200158
200194
200142
200166
200160
200149
200176
200157
200149
200212
200152
200145
200175
200141
200162
200148
200155
200145
200144
200153
200152
200164
200172
200164
200147
200191
200148
200146
200173
200174
200167
200142
200163
200166
200141
200138
200164
200144
200153
200150
200145
200180
200227
200172
200159
200150
200150
200178
200193
200209
200163
200143
200187
200136
200146
200157
200160
200162
200163
200175
200137
200180
200151
200143
200154
200146
200163
200160
200195
200148
200154
200132
200176
200155
200183
200160
200158
200171
200152
200157
200136
200130
200160
200176
200153
200186
200154
200154
200150
200146
200165
200139
200155
200133
200147
200177
200144
200170
200155
200167
200139
200140
200159
200125
200133
200160
200152
200160
200163
200150
200170
200143
200139
200149
200150
200165
200156
200156
200174
200197
200137
200142
200155
200151
200150
200155
200159
200152
200174
200156
200149
200139
200165
200172
200149
200152
200162
200174
200147
200177
200135
200156
200164
200157
200160
200168
200148
200162
200139
200144
200163
200160
200147
200166
200160
200159
200182
200161
200164
200146
200157
200199
200140
200142
200195
200146
200139
200174
200148
200144
200172
200175
200164
200139
200163
200173
200142
200139
200154
200149
200170
200148
200126
200199
200160
200135
200170
200142
200153
200156
200171
200162
200164
200144
200173
200148
200155
200141
200147
200155
200155
200154
200172
200150
200157
200156
200166
200162
200161
200143
200159
200180
200153
200173
200174
200129
200189
200157
200143
200164
200164
200130
200145
200131
200169
200158
200156
200152
200148
200160
200148
200156
200172
200159
200148
200142
200139
200176
200148
200150
200149
200184
200151
200143
200136
200162
200156
200141
200167
200155
200152
200170
200159
200159
200137
200148
200163
200151
200182
200179
200166
200155
200159
200157
200213
200160
200170
200158
200156
200166
200170
200141
200154
200141
200144
200140
200163
200175
200162
200154
200173
200155
200154
200176
200173
200159
200154
200192
200154
200155
200169
200156
200154
200179
200162
200145
200184
200146
200203
200171
200140
200152
200166
200165
200178
200156
200147
200169
200178
200153
200149
200164
200162
200147
200146
200144
200135
200157
200156
200140
200142
200164
200168
200158
200168
200167
200132
200159
200149
200180
200162
200168
200160
200154
200152
200139
200125
200140
200150
200172
200217
200144
200140
200200
200143
200182
200150
200186
200167
200194
200151
200151
200144
200135
200168
200156
200177
200150
200145
200154
200138
200134
200226
200163
200137
200163
200146
200145
200154
200154
200167
200169
200163
200172
200147
200154
200133
200177
200198
200150
200167
200166
200134
200161
200140
200181
200149
200167
200185
200153
200152
200184
200144
200153
200143
200152
200152
200162
200165
200152
200150
200202
200152
200156
200156
200137
200144
200162
200158
200159
200173
200146
200141
200181
200154
200163
200144
200164
200153
200152
200143
200156
200149
200176
200166
200148
200177
200142
200160
200148
200159
200152
200151
200163
200178
200144
200137
200153
200159
200154
200164
200150
200143
200168
200140
200151
200154
200143
200139
200144
200139
200144
200147
200147
200150
200172
200178
200137
200172
200151
200147
200148
200151
200148
200147
200176
200147
200153
200134
200158
200151
200171
200153
200154
200173
200142
200155
200159
200145
200148
200136
200160
200170
200156
200175
200173
200155
200147
200133
200137
200144
200148
200135
200150
200155
200171
200143
200162
200159
200160
200138
200163
200147
200164
200162
200132
200173
200151
200138
200162
200163
200132
200155
200192
200148
200145
200147
200143
200142
200149
200150
200152
200149
200158
200159
200208
200148
200168
200176
200186
200141
200170
200132
200192
200152
200134
200144
200149
200158
200148
200123
200160
200148
200153
200154
200161
200138
200162
200157
200191
200158
200189
200172
200145
200185
200166
200183
200147
200157
200138
200157
200179
200160
200154
200175
200162
200173
200128
200136
200145
200142
200147
200176
200151
200151
200176
200142
200160
200177
200174
200158
200139
200141
200187
200141
200175
200144
200153
200132
200167
200138
200122
200145
200138
200173
200184
200141
200146
200147
200162
200162
200155
200160
200147
200144
200152
200155
200147
200138
200146
200150
200146
200139
200138
200159
200153
200151
200156
200180
200142
200149
200178
200140
200152
200145
200154
200149
200169
200179
200145
200155
200153
200152
200155
200167
200137
200156
200137
200140
200137
200156
200175
200163
200177
200162
200141
200174
200170
200153
200156
200153
200142
200153
200185
200146
200163
200173
200216
200160
200272
200162
200142
200198
200132
200162
200171
200183
200160
200173
200163
200166
200150
200149
200146
200174
200173
200162
200138
200165
200163
200150
200147
200131
200174
200159
200148
200144
200153
200165
200169
200159
200167
200160
200152
200167
200134
200142
200163
200145
200177
200163
200145
200156
200191
200145
200150
200187
200169
200134
200155
200156
200156
200182
200153
200170
200155
200187
200138
200145
200140
200148
200163
200167
200151
200135
200164
200154
200178
200165
200145
200149
200161
200141
200145
200154
200180
200160
200150
200169
200165
200240
200143
200144
200134
200140
200145
200134
200153
200188
200177
200138
200140
200127
200153
200170
200153
200143
200154
200170
200170
200145
200150
200159
200160
200140
200159
200157
200160
200169
200233
200142
200153
200154
200148
200141
200126
200153
200139
200160
200165
200164
200136
200144
200174
200148
200145
200134
200178
200126
200140
200149
200146
200161
200158
200157
200170
200144
200136
200190
200138
200163
200171
200135
200137
200161
200174
200140
200140
200154
200144
200183
200124
200157
200150
200159
200180
200139
200178
200154
200168
200168
200152
200158
200187
200155
200184
200147
200153
200152
200134
200166
200128
200160
200143
200168
200151
200175
200163
200165
200142
200151
200152
200157
200157
200169
200158
200137
200161
200281
200168
200166
200193
200155
200153
200145
200150
200151
200149
200156
200137
200193
200145
200142
200189
200132
200159
200183
200164
200155
200222
200152
200165
200136
200185
200119
200155
200154
200162
200142
200159
200146
200148
200139
200162
200156
200148
200163
200169
200155
200207
200195
200160
200137
200176
200151
200136
200184
200143
200152
200161
200184
200151
200163
200157
200151
200179
200152
200175
200149
200158
200148
200153
200152
200160
200163
200133
200215
200176
200164
200151
200223
200158
200132
200161
200149
200152
200135
200143
200141
200147
200152
200174
200143
200135
200162
200144
200160
200138
200151
200169
200159
200136
200141
200142
200161
200163
200139
200166
200172
200162
200152
200152
200128
200165
200162
200136
200163
200184
200165
200143
200143
200190
200170
200152
200159
200155
200143
200194
200129
200158
200160
200129
200170
200150
200149
200171
200163
200160
200154
200159
200149
200180
200140
200154
200149
200154
200140
200141
200138
200172
200147
200150
200151
200136
200151
200149
200165
200156
200164
200158
200170
200138
200168
200162
200176
200166
200137
200170
200168
200199
200166
200163
200158
200180
200171
200159
200143
200149
200158
200143
200164
200142
200173
200137
200174
200136
200158
200158
200153
200156
200216
200190
200161
200173
200154
200190
200162
200146
200151
200140
200162
200162
200139
200133
200172
200146
200121
200182
200139
200170
200143
200155
200181
200149
200171
200159
200186
200155
200206
200153
200168
200139
200142
200152
200178
200152
200170
200141
200230
200125
200166
200133
200145
200169
200141
200172
200162
200158
200145
200260
200153
200166
200154
200151
200184
200159
200162
200168
200155
200157
200158
200194
200133
200138
200182
200149
200167
200151
200162
200136
200134
200153
200171
200152
200168
200156
200147
200151
200151
200163
200174
200136
200163
200147
200150
200140
200159
200229
200167
200179
200159
200151
200177
200170
200146
200171
200152
200170
200138
200151
200156
200151
200144
200176
200146
200148
200145
200189
200141
200144
200165
200127
200144
200142
200142
200153
200138
200181
200148
200165
200157
200159
200163
200139
200158
200143
200161
200149
200158
200187
200173
200170
200230
200145
200185
200165
200167
200172
200126
200153
200157
200154
200173
200177
200175
200149
200176
200139
200147
200169
200181
200165
200150
200138
200149
200145
200153
200166
200148
200148
200149
200157
200179
200148
200180
200213
200169
200154
200151
200164
200141
200169
200134
200173
200144
200164
200157
200135
200141
200145
200158
200151
200165
200153
200143
200155
200176
200167
200196
200159
200167
200169
200163
200172
200196
200155
200167
200160
200165
200149
200158
200145
200150
200183
200166
200141
200161
200152
200143
200142
200166
200161
200148
200192
200172
200155
200147
200162
200153
200212
200146
200143
200146
200151
200161
200145
200152
200144
200155
200152
200153
200155
200155
200138
200161
200146
200158
200150
200171
200163
200154
200141
200155
200162
200140
200138
200171
200157
200158
200147
200138
200186
200156
200140
200160
200136
200173
200151
200197
200167
200162
200174
200174
200147
200142
200147
200172
200154
200159
200174
200136
200157
200157
200155
200162
200149
200144
200157
200163
200141
200151
200154
200160
200148
200180
200153
200145
200132
200180
200165
200148
200141
200164
200158
200144
200183
200141
200160
200187
200151
200132
200176
200172
200166
200138
200150
200158
200153
200174
200144
200138
200171
200186
200138
200155
200161
200147
200168
200168
200152
200144
200253
200155
200170
200161
200177
200141
200165
200138
200155
200141
200144
200147
200131
200158
200178
200154
200162
200149
200166
200191
200164
200168
200164
200152
200159
200189
200149
200152
200156
200181
200144
200153
200125
200149
200152
200191
200155
200144
200138
200161
200132
200161
200147
200170
200145
200166
200167
200164
200153
200181
200165
200166
200175
200265
200190
200153
200146
200177
200158
200141
200159
200146
200140
200143
200158
200147
200177
200133
200144
200174
200136
200161
200134
200149
200152
200135
200142
200139
200171
200154
200160
200179
200149
200147
200140
200167
200159
200135
200148
200142
200184
200150
200152
200153
200149
200152
200177
200136
200187
200146
200145
200137
200135
200144
200134
200186
200177
200145
200157
200156
200148
200140
200151
200169
200143
200154
200193
200142
200169
200177
200140
200176
200153
200147
200169
200161
200208
200143
200162
200157
200134
200145
200200
200137
200144
200155
200147
200175
200207
200164
200182
200162
200150
200166
200149
200158
200152
200157
200144
200141
200142
200152
200161
200148
200154
200154
200146
200147
200144
200126
200158
200145
200149
200132
200132
200160
200173
200133
200141
200154
200153
200150
200139
200163
200185
200189
200154
200182
200164
200140
200151
200153
200147
200163
200156
200191
200149
200152
200151
200166
200150
200147
200166
200169
200142
200155
200146
200174
200162
200144
200145
200141
200148
200160
200156
200138
200172
200157
200142
200145
200239
200150
200161
200155
200126
200172
200162
200153
200150
200163
200156
200146
200147
200175
200158
200152
200159
200154
200143
200154
200175
200158
200166
200158
200148
200188
200141
200162
200173
200158
200150
200158
200139
200152
200160
200157
200151
200140
200159
200159
200153
200147
200148
200146
200144
200171
200169
200171
200166
200128
200133
200185
200144
200135
200143
200173
200155
200202
200142
200135
200141
200182
200160
200165
200189
200169
200131
200149
200153
200160
200159
200155
200146
200151
200139
200164
200126
200155
200158
200165
200137
200137
200149
200145
200163
200149
200175
200178
200128
200150
200161
200147
200161
200143
200131
200173
200192
200132
200153
200163
200155
200158
200151
200179
200160
200154
200160
200153
200166
200138
200144
200157
200219
200147
200141
200146
200174
200141
200166
200142
200166
200145
200141
200149
200145
200151
200137
200168
200138
200152
200179
200158
200145
200165
200182
200163
200143
200188
200156
200144
200138
200144
200127
200154
200157
200146
200148
200160
200178
200157
200155
200141
200142
200145
200152
200172
200171
200154
200143
200185
200177
200162
200149
200141
200151
200162
200165
200161
200135
200142
200195
200150
200181
200149
200164
200133
200157
200154
200175
200151
200168
200145
200166
200157
200174
200129
200161
200166
200178
200170
200140
200180
200175
200136
200151
200177
200143
200186
200171
200144
200133
200160
200151
200148
200130
200154
200158
200134
200152
200163
200165
200149
200175
200172
200162
200179
200157
200169
200151
200150
200163
200143
200153
200157
200158
200162
200143
200147
200158
200191
200167
200147
200137
200168
200140
200175
200221
200159
200166
200157
200176
200194
200164
200152
200151
200158
200147
200140
200167
200157
200159
200170
200143
200157
200161
200153
200154
200148
200165
200154
200177
200153
200155
200135
200145
200151
200131
200130
200131
200177
200125
200138
200174
200160
200145
200159
200169
200164
200151
200167
200157
200159
200139
200168
200173
200178
200162
200164
200167
200163
200165
200161
200156
200152
200159
200157
200148
200136
200169
200145
200122
200126
200153
200157
200143
200145
200166
200155
200148
200157
200133
200182
200141
200151
200185
200161
200143
200153
200156
200139
200171
200152
200149
200154
200138
200137
200150
200148
200153
200145
200144
200160
200185
200137
200167
200156
200158
200148
200187
200137
200141
200155
200173
200162
200178
200147
200140
200181
200169
200170
200134
200158
200166
200179
200169
200183
200152
200138
200143
200169
200140
200165
200138
200151
200143
200172
200138
200159
200138
200147
200162
200153
200169
200153
200147
200166
200147
200185
200143
200154
200139
200143
200159
200168
200136
200144
200154
200155
200138
200165
200132
200164
200169
200146
200161
200145
200143
200143
200173
200145
200163
200144
200170
200148
200157
200135
200153
200130
200152
200133
200144
200176
200143
200151
200148
200151
200176
200168
200146
200131
200144
200148
200199
200158
200157
200158
200185
200162
200142
200129
200148
200141
200156
200151
200158
200162
200157
200169
200177
200154
200146
200140
200144
200135
200146
200166
200165
200164
200156
200167
200183
200134
200171
200186
200146
200167
200191
200127
200146
200156
200140
200149
200186
200158
200166
200153
200173
200183
200153
200189
200187
200150
200151
200209
200145
200151
200146
200153
200146
200188
200147
200129
200162
200140
200161
200157
200144
200144
200149
200150
200156
200140
200150
200153
200173
200145
200144
200143
200162
200148
200150
200160
200155
200153
200175
200139
200146
200150
200154
200164
200134
200150
200157
200144
200190
200155
200200
200138
200158
200150
200176
200155
200158
200161
200169
200172
200157
200151
200136
200139
200158
200128
200139
200159
200168
200151
200182
200162
200145
200139
200152
200147
200203
200169
200131
200181
200137
200154
200147
200147
200152
200155
200189
200160
200149
200139
200162
200158
200177
200156
200154
200158
200141
200158
200164
200141
200144
200134
200160
200165
200166
200171
200146
200161
200162
200138
200155
200178
200157
200144
200163
200154
200148
200150
200158
200181
200143
200167
200171
200162
200191
200139
200133
200170
200181
200164
200136
200142
200138
200138
200160
200155
200155
200142
200144
200130
200155
200136
200158
200157
200156
200166
200165
200179
200145
200144
200148
200163
200218
200137
200163
200165
200151
200155
200154
200142
200146
200164
200143
200171
200159
200151
200159
200146
200145
200140
200198
200169
200160
200173
200154
200155
200198
200162
200161
200175
200180
200129
200171
200143
200169
200150
200156
200169
200146
200159
200133
200148
200146
200166
200160
200159
200139
200138
200148
200146
200164
200146
200151
200155
200150
200164
200159
200164
200149
200185
200169
200148
200169
200154
200171
200192
200166
200151
200136
200156
200177
200191
200126
200166
200141
200147
200177
200172
200187
200159
200144
200147
200191
200158
200167
200151
200149
200156
200129
200177
200177
200140
200153
200144
200155
200140
200136
200140
200195
200159
200127
200163
200159
200146
200161
200135
200178
200146
200202
200157
200155
200177
200206
200153
200150
200147
200194
200169
200162
200157
200150
200136
200151
200145
200160
200153
200152
200152
200174
200171
200186
200153
200176
200135
200144
200163
200153
200167
200158
200141
200164
200161
200168
200163
200155
200150
200175
200179
200154
200178
200160
200159
200147
200153
200171
200147
200164
200164
200147
200163
200169
200182
200169
200153
200143
200152
200170
200182
200158
200136
200163
200164
200179
200155
200159
200163
200147
200162
200160
200156
200174
200152
200188
200142
200135
200150
200148
200162
200135
200178
200147
200169
200226
200156
200150
200177
200149
200162
200144
200151
200165
200156
200172
200170
200143
200139
200163
200128
200163
200158
200195
200156
200182
200150
200152
200173
200168
200147
200174
200212
200146
200134
200147
200147
200184
200143
200151
200160
200164
200170
200140
200156
200128
200138
200149
200164
200173
200166
200156
200158
200148
200135
200149
200152
200170
200209
200139
200156
200149
200194
200161
200142
200151
200173
200179
200161
200152
200143
200170
200183
200161
200204
200154
200163
200175
200140
200139
200177
200190
200140
200141
200160
200149
200130
200146
200169
200144
200139
200146
200130
200159
200148
200139
200141
200133
200164
200181
200132
200157
200152
200187
200186
200134
200127
200134
200150
200149
200149
200154
200153
200157
200127
200132
200156
200145
200152
200145
200151
200134
200133
200147
200138
200155
200140
200159
200149
200142
200145
200148
200156
200151
200143
200163
200160
200168
200146
200191
200156
200179
200148
200164
200150
200139
200172
200198
200164
200211
200148
200155
200183
200185
200151
200165
200148
200150
200135
200139
200149
200137
200167
200140
200141
200198
200152
200148
200147
200153
200194
200151
200148
200162
200172
200151
200158
200161
200144
200151
200141
200142
200152
200155
200164
200163
200192
200173
200176
200157
200149
200162
200158
200149
200148
200145
200164
200132
200141
200148
200227
200151
200202
200149
200159
200140
200141
200175
200172
200145
200138
200166
200152
200159
200171
200147
200145
200156
200142
200135
200159
200157
200147
200169
200147
200143
200159
200142
200147
200159
200186
200147
200136
200162
200151
200159
200196
200149
200150
200141
200158
200176
200170
200153
200142
200134
200189
200138
200168
200166
200166
200196
200152
200154
200192
200151
200191
200145
200159
200193
200140
200156
200144
200148
200173
200141
200156
200185
200170
200154
200144
200144
200152
200154
200220
200149
200145
200184
200153
200143
200160
200158
200152
200144
200159
200149
200152
200198
200138
200138
200151
200161
200143
200145
200160
200166
200150
200156
200165
200161
200199
200131
200147
200155
200158
200218
200161
200150
200152
200144
200148
200176
200194
200150
200168
200136
200156
200144
200142
200157
200167
200149
200160
200130
200172
200139
200145
200137
200138
200160
200149
200155
200197
200152
200146
200147
200141
200185
200136
200141
200174
200176
200162
200187
200152
200137
200184
200145
200153
200155
200160
200142
200192
200155
200169
200163
200163
200169
200180
200161
200168
200151
200165
200155
200152
200133
200152
200159
200154
200168
200153
200138
200146
200151
200135
200136
200180
200147
200170
200158
200168
200159
200154
200170
200182
200161
200203
200142
200151
200157
200164
200167
200159
200189
200148
200172
200156
200146
200154
200140
200172
200172
200145
200156
200177
200147
200198
200140
200157
200154
200156
200146
200135
200151
200177
200151
200146
200177
200141
200139
200151
200188
200145
200161
200165
200192
200164
200154
200183
200173
200134
200186
200148
200155
200146
200170
200130
200144
200158
200156
200149
200138
200181
200132
200186
200138
200133
200158
200174
200143
200146
200156
200150
200143
200141
200129
200142
200158
200154
200159
200131
200147
200155
200155
200145
200139
200164
200125
200148
200147
200147
200168
200149
200172
200157
200145
200134
200169
200173
200159
200160
200149
200192
200130
200160
200174
200138
200167
200174
200163
200142
200178
200161
200146
200142
200202
200171
200162
200163
200180
200143
200134
200153
200141
200148
200148
200137
200159
200159
200151
200164
200165
200155
200150
200147
200150
200146
200157
200128
200185
200155
200148
200172
200196
200182
200157
200136
200147
200144
200140
200131
200150
200160
200152
200176
200141
200148
200130
200132
200147
200145
200148
200155
200168
200139
200143
200148
200171
200165
200157
200149
200193
200131
200143
200199
200131
200154
200142
200178
200163
200150
200169
200155
200145
200159
200147
200139
200129
200166
200154
200149
200177
200150
200133
200147
200153
200135
200135
200143
200165
200156
200143
200208
200173
200166
200134
200132
200146
200158
200151
200173
200171
200155
200159
200149
200164
200200
200165
200165
200144
200155
200149
200134
200171
200161
200143
200169
200164
200169
200156
200148
200180
200140
200155
200157
200148
200153
200149
200170
200201
200148
200153
200159
200144
200129
200155
200171
200153
200159
200175
200168
200162
200176
200133
200150
200130
200146
200149
200173
200154
200144
200168
200156
200157
200164
200144
200146
200153
200184
200149
200184
200135
200135
200143
200186
200162
200174
200174
200125
200161
200155
200180
200165
200235
200158
200154
200153
200168
200144
200145
200169
200139
200141
200149
200159
200164
200159
200164
200143
200152
200153
200146
200150
200171
200168
200151
200150
200156
200150
200199
200140
200165
200165
200148
200149
200147
200162
200143
200143
200163
200155
200129
200157
200149
200165
200164
200143
200156
200159
200149
200156
200235
200162
200162
200134
200163
200143
200145
200137
200141
200154
200155
200150
200154
200132
200168
200159
200179
200168
200153
200154
200147
200169
200191
200162
200148
200155
200141
200141
200142
200137
200165
200137
200176
200165
200147
200148
200147
200155
200147
200167
200139
200146
200151
200222
200173
200145
200136
200136
200160
200161
200149
200181
200127
200144
200131
200185
200144
200144
200143
200181
200161
200178
200155
200138
200137
200138
200153
200181
200195
200181
200159
200140
200189
200176
200150
200172
200159
200155
200132
200157
200134
200151
200154
200148
200139
200135
200151
200135
200186
200186
200174
200150
200136
200157
200187
200152
200123
200135
200150
200147
200143
200155
200135
200252
200140
200154
200162
200166
200171
200140
200136
200150
200170
200134
200151
200157
200153
200155
200135
200135
200157
200172
200141
200176
200156
200160
200145
200195
200148
200158
200169
200137
200175
200168
200164
200148
200162
200153
200168
200152
200139
200171
200173
200156
200140
200153
200142
200178
200178
200153
200162
200188
200166
200182
200149
200161
200170
200159
200202
200146
200169
200158
200160
200152
200160
200189
200143
200148
200167
200134
200154
200135
200128
200145
200148
200148
200157
200173
200150
200148
200156
200150
200161
200153
200193
200177
200157
200151
200153
200176
200161
200150
200164
200146
200132
200139
200141
200137
200175
200154
200172
200166
200159
200133
200145
200133
200161
200151
200147
200225
200161
200153
200153
200166
200137
200158
200162
200158
200134
200158
200159
200156
200152
200152
200179
200143
200201
200137
200157
200149
200147
200191
200191
200147
200156
200154
200147
200198
200181
200145
200162
200167
200142
200186
200144
200144
200144
200155
200130
200167
200205
200147
200167
200156
200157
200151
200136
200159
200158
200171
200157
200166
200144
200179
200153
200159
200169
200171
200154
200154
200147
200138
200154
200160
200159
200149
200133
200160
200153
200133
200156
200195
200143
200136
200152
200187
200147
200145
200137
200154
200145
200144
200171
200158
200162
200136
200172
200170
200159
200143
200162
200153
200150
200163
200123
200139
200146
200148
200160
200188
200182
200143
200135
200185
200132
200140
200139
200153
200176
200152
200131
200132
200149
200150
200155
200151
200217
200176
200133
200149
200162
200168
200161
200142
200167
200166
200150
200194
200150
200156
200160
200167
200151
200163
200146
200170
200176
200135
200175
200155
200173
200147
200140
200151
200143
200150
200149
200138
200149
200160
200153
200162
200148
200171
200170
200152
200161
200132
200240
200167
200157
200161
200150
200170
200129
200145
200150
200156
200142
200137
200142
200144
200155
200151
200157
200149
200165
200147
200136
200141
200151
200139
200141
200144
200143
200162
200152
200162
200162
200141
200147
200158
200151
200167
200197
200160
200154
200159
200177
200161
200169
200136
200142
200177
200148
200155
200162
200154
200151
200177
200154
200185
200135
200149
200159
200166
200170
200152
200156
200148
200157
200148
200136
200209
200159
200155
200150
200137
200154
200173
200146
200136
200149
200175
200172
200135
200121
200151
200186
200152
200167
200128
200128
200169
200159
200168
200141
200152
200179
200132
200151
200142
200138
200160
200149
200137
200154
200144
200156
200143
200140
200164
200158
200139
200154
200159
200235
200144
200139
200143
200147
200128
200145
200161
200152
200125
200172
200185
200150
200146
200131
200154
200154
200154
200149
200166
200201
200148
200146
200167
200156
200155
200144
200159
200146
200156
200139
200172
200136
200159
200173
200151
200129
200211
200156
200156
200172
200164
200148
200169
200172
200138
200135
200147
200152
200186
200134
200141
200145
200208
200166
200150
200155
200178
200164
200137
200132
200168
200132
200181
200132
200180
200204
200154
200141
200155
200149
200157
200170
200168
200146
200152
200170
200150
200154
200150
200171
200138
200133
200167
200163
200163
200156
200136
200166
200155
200133
200126
200144
200167
200157
200153
200145
200176
200144
200169
200151
200151
200183
200162
200150
200166
200146
200156
200150
200143
200152
200145
200141
200144
200141
200165
200128
200177
200157
200163
200162
200169
200160
200152
200153
200151
200157
200152
200174
200144
200152
200176
200168
200153
200144
200162
200149
200205
200165
200129
200216
200145
200161
200135
200138
200156
200144
200143
200168
200158
200176
200139
200155
200162
200158
200170
200170
200143
200170
200127
200213
200149
200152
200163
200173
200136
200153
200165
200161
200182
200158
200161
200161
200146
200164
200177
200137
200162
200170
200150
200170
200173
200178
200161
200141
200152
200163
200139
200145
200150
200133
200141
200139
200157
200135
200155
200200
200195
200189
200151
200166
200145
200143
200165
200159
200143
200143
200147
200167
200155
200143
200179
200151
200153
200150
200179
200136
200185
200159
200155
200168
200147
200145
200172
200147
200160
200180
200146
200146
200143
200185
200178
200157
200160
200168
200167
200149
200157
200141
200195
200142
200149
200142
200163
200144
200159
200131
200155
200177
200148
200164
200156
200139
200150
200145
200153
200155
200148
200141
200149
200148
200153
200156
200164
200139
200145
200141
200131
200142
200137
200165
200168
200153
200129
200142
200140
200165
200155
200157
200143
200155
200159
200144
200157
200144
200157
200176
200153
200152
200161
200166
200157
200157
200165
200150
200184
200167
200137
200155
200162
200143
200158
200171
200147
200173
200154
200174
200155
200175
200142
200152
200162
200156
200157
200158
200176
200137
200184
200162
200148
200180
200152
200153
200155
200155
200149
200141
200160
200147
200142
200167
200157
200155
200198
200181
200140
200161
200135
200134
200141
200173
200240
200157
200174
200149
200170
200147
200186
200146
200146
200174
200142
200134
200145
200141
200175
200180
200149
200163
200137
200238
200192
200127
200149
200183
200171
200202
200168
200142
200136
200186
200152
200139
200140
200174
200150
200166
200203
200147
200220
200156
200148
200193
200176
200144
200158
200145
200176
200146
200152
200159
200148
200145
200158
200142
200147
200160
200218
200180
200162
200156
200156
200171
200141
200170
200158
200157
200167
200162
200141
200159
200172
200188
200156
200166
200144
200149
200153
200147
200205
200152
200143
200151
200155
200147
200152
200177
200155
200165
200164
200162
200151
200189
200186
200163
200143
200127
200158
200184
200139
200147
200204
200158
200195
200155
200179
200137
200139
200155
200150
200149
200177
200146
200157
200161
200209
200152
200150
200199
200164
200159
200144
200147
200165
200140
200153
200156
200144
200159
200163
200163
200139
200147
200172
200147
200154
200142
200179
200143
200127
200160
200147
200145
200173
200186
200150
200218
200175
200173
200191
200138
200146
200155
200172
200169
200149
200150
200220
200139
200121
200170
200162
200151
200150
200176
200160
200142
200186
200128
200134
200205
200167
200147
200143
200140
200169
200175
200164
200143
200120
200163
200172
200174
200141
200193
200152
200139
200165
200133
200159
200167
200164
200131
200144
200173
200142
200168
200172
200144
200143
200162
200156
200156
200159
200125
200147
200146
200184
200158
200142
200144
200160
200173
200147
200129
200177
200137
200139
200152
200173
200160
200172
200169
200138
200187
200132
200138
200149
200167
200166
200187
200146
200138
200173
200161
200130
200164
200164
200141
200159
200184
200158
200151
200195
200151
200169
200144
200172
200175
200175
200132
200168
200145
200183
200140
200191
200153
200166
200132
200171
200147
200146
200159
200132
200148
200148
200145
200157
200152
200156
200174
200142
200154
200165
200143
200154
200154
200145
200190
200147
200178
200128
200169
200185
200130
200144
200142
200145
200164
200160
200154
200140
200162
200180
200144
200150
200139
200168
200157
200144
200152
200176
200171
200172
200149
200153
200169
200162
200136
200139
200174
200166
200165
200153
200149
200136
200159
200120
200139
200157
200160
200170
200156
200157
200126
200158
200154
200141
200158
200176
200150
200164
200155
200157
200147
200163
200182
200158
200154
200166
200158
200144
200164
200162
200195
200165
200141
200180
200155
200190
200167
200167
200153
200164
200146
200168
200134
200141
200134
200139
200154
200137
200148
200172
200148
200154
200150
200140
200167
200142
200170
200148
200153
200134
200151
200180
200162
200148
200150
200145
200163
200188
200168
200136
200186
200171
200153
200157
200174
200143
200153
200153
200150
200191
200138
200151
200208
200199
200171
200183
200143
200176
200163
200181
200155
200166
200140
200153
200137
200139
200157
200153
200135
200144
200184
200143
200150
200159
200147
200151
200153
200156
200169
200153
200152
200196
200158
200132
200143
200141
200174
200151
200152
200134
200142
200145
200143
200179
200172
200134
200138
200136
200182
200171
200160
200155
200149
200136
200157
200142
200132
200182
200159
200175
200153
200162
200149
200146
200142
200154
200201
200147
200164
200174
200165
200156
200162
200186
200146
200142
200155
200158
200168
200184
200177
200152
200160
200174
200177
200195
200159
200146
200137
200164
200150
200155
200150
200147
200158
200161
200164
200137
200168
200156
200161
200135
200158
200161
200139
200154
200185
200158
200169
200168
200135
200140
200173
200154
200159
200158
200150
200168
200145
200188
200153
200157
200166
200133
200148
200149
200144
200177
200135
200147
200186
200128
200170
200157
200131
200147
200121
200155
200157
200140
200158
200152
200146
200138
200173
200174
200164
200150
200152
200150
200165
200155
200147
200145
200159
200177
200156
200180
200144
200174
200234
200135
200150
200176
200151
200179
200139
200159
200142
200141
200137
200167
200159
200146
200142
200175
200156
200132
200143
200159
200155
200131
200141
200136
200144
200161
200162
200156
200163
200207
200161
200156
200178
200160
200135
200158
200162
200152
200233
200155
200132
200148
200140
200143
200139
200148
200169
200183
200175
200130
200184
200162
200141
200197
200151
200171
200151
200165
200170
200180
200147
200144
200159
200165
200152
200171
200158
200142
200169
200145
200197
200148
200142
200167
200177
200158
200153
200206
200134
200185
200187
200154
200153
200138
200168
200156
200150
200153
200134
200155
200161
200150
200144
200206
200175
200154
200169
200158
200179
200150
200157
200143
200154
200147
200171
200158
200152
200168
200142
200188
200179
200167
200152
200143
200152
200150
200137
200142
200135
200148
200151
200142
200158
200150
200145
200165
200157
200179
200177
200147
200157
200155
200179
200165
200165
200156
200150
200162
200158
200162
200154
200147
200193
200151
200157
200154
200145
200169
200149
200158
200158
200151
200133
200153
200158
200133
200177
200174
200121
200156
200174
200133
200153
200164
200163
200165
200157
200193
200143
200166
200171
200149
200150
200146
200168
200154
200151
200150
200148
200184
200148
200155
200143
200185
200156
200180
200153
200158
200167
200149
200145
200136
200176
200159
200155
200132
200175
200149
200137
200175
200154
200152
200154
200138
200152
200133
200148
200166
200157
200170
200170
200178
200140
200174
200156
200145
200178
200147
200152
200157
200127
200140
200153
200188
200154
200136
200157
200149
200173
200166
200146
200186
200149
200135
200165
200174
200138
200162
200161
200168
200149
200197
200167
200168
200162
200158
200164
200156
200165
200160
200179
200146
200146
200141
200163
200155
200166
200150
200154
200152
200178
200169
200150
200153
200161
200158
200145
200151
200140
200150
200162
200146
200136
200184
200147
200144
200145
200148
200167
200160
200168
200177
200174
200177
200138
200146
200135
200170
200179
200144
200167
200132
200134
200156
200127
200155
200161
200164
200137
200166
200142
200126
200171
200185
200152
200153
200161
200166
200192
200148
200151
200157
200173
200201
200161
200160
200142
200164
200146
200160
200144
200177
200153
200147
200158
200163
200149
200154
200145
200143
200146
200157
200147
200169
200152
200190
200180
200167
200158
200156
200142
200150
200161
200185
200148
200162
200145
200183
200129
200150
200144
200149
200177
200166
200151
200143
200154
200147
200157
200150
200161
200144
200145
200144
200161
200156
200155
200148
200150
200147
200158
200155
200155
200151
200135
200164
200171
200166
200138
200172
200136
200192
200154
200151
200155
200160
200146
200152
200160
200145
200140
200173
200173
200170
200181
200154
200153
200183
200178
200169
200162
200191
200198
200159
200157
200145
200161
200162
200156
200156
200160
200151
200169
200142
200149
200164
200182
200177
200142
200158
200162
200173
200158
200161
200149
200132
200169
200155
200147
200185
200157
200149
200162
200136
200172
200170
200130
200150
200167
200144
200155
200150
200169
200153
200158
200154
200184
200146
200136
200174
200167
200164
200155
200193
200140
200145
200166
200143
200149
200150
200129
200144
200184
200171
200153
200156
200171
200163
200150
200156
200152
200146
200152
200153
200145
200143
200176
200156
200193
200161
200163
200162
200174
200164
200140
200142
200152
200158
200157
200173
200152
200148
200146
