
204809
204966
205103
205128
205214
205128
205195
205009
204952
205415
205144
205110
205192
205100
205306
205175
204755
204980
205052
205089
205167
205373
205113
205334
204899
205108
205150
205070
204978
205279
205429
205035
205082
205015
205203
205145
205162
205166
204859
205511
205034
204970
205179
204999
205197
205048
205668
205266
205088
205203
205124
205096
205245
205243
204965
205169
205274
205560
205218
204992
205037
205361
205081
205060
205003
205170
205257
204990
205124
204950
204952
205036
205383
204945
204991
205324
204980
205274
205213
205194
205385
204874
205253
204980
204945
205239
205380
204950
205069
205294
205149
205159
205260
205092
204998
205152
205257
205255
205263
205101
204823
205028
205153
205042
204979
204902
204802
204927
205329
205095
205298
205394
204794
205206
205076
205189
204750
205099
205146
204727
205275
204961
205171
205034
205369
205209
204882
205497
205284
205041
205030
205053
205305
205311
205034
205194
204871
205044
205139
204990
204953
205209
205057
204966
204873
205047
205089
205415
205108
204856
205366
204926
204804
204900
205057
204875
205175
205275
204872
205329
205172
205215
205111
204982
205179
204730
205367
204895
204970
205120
205021
205253
205102
205366
205096
205333
205157
205117
205034
204925
205242
205490
205456
205134
205174
205556
205236
205026
205202
205328
205360
205001
205081
204922
205226
205027
205075
205205
205107
204900
205530
205224
205244
205003
204958
205467
205416
204843
204910
205245
205299
205013
205107
205173
205593
204969
205263
205114
205331
204927
205155
205000
205209
204891
205093
204951
205260
204947
204850
205008
205303
204918
205199
205189
205097
205104
205040
205372
205121
205342
205003
204970
205064
204971
205219
205232
205068
205010
204929
205358
205215
205096
204934
205271
205090
205137
204800
205089
205099
205221
205118
204899
205130
204800
204967
205211
204941
205306
204999
205131
205437
205055
205185
205356
205300
205195
204912
205291
205426
205309
204970
205218
204962
205191
205292
205051
204898
204975
205078
205161
205568
205193
205314
204844
204966
205099
205237
205109
205310
205042
205187
205291
205016
205130
204939
204904
205027
205236
205137
205172
204966
205189
204932
205149
205172
205071
205247
205147
205121
205193
205035
205165
205206
205287
204806
205372
205249
205069
205060
205117
205030
205235
205176
205331
205084
204909
205198
205096
205126
205073
205051
205624
205199
205184
204997
205114
205055
205242
204892
205252
205143
204905
205239
205151
205383
205225
205061
205295
204988
205147
204958
204990
205169
204972
205128
205071
205137
205244
205191
205367
205178
204965
204814
205028
205093
205321
205190
205338
205089
204984
205077
205222
205037
205244
204988
205153
205209
205017
205188
205274
205436
204949
205023
205278
205124
204857
204852
205341
205074
205245
205250
205191
204907
205064
205308
205134
205167
205244
205138
205256
204901
204992
205166
205451
205333
204911
205160
205363
205175
205394
205011
204722
205065
205118
205033
205239
205047
204860
205232
205195
204919
205253
205190
205201
205201
205453
205135
205078
205270
205129
204987
205089
205321
205278
205150
205002
204921
205073
205245
205067
205203
205258
204896
205553
205064
205226
205153
205315
205325
205325
204891
205130
205106
204910
205050
204912
205749
205058
205246
205014
205154
205007
204990
204685
205491
205210
205151
205293
205056
205197
205017
204881
204887
205162
205087
205423
205014
205285
205068
205173
204930
205046
204974
205159
205046
205587
205143
205168
205155
205014
205121
204906
205154
204919
205048
205246
205386
205586
205362
205239
205122
205234
205224
205114
205203
205204
205118
204885
205111
205102
205238
205084
205054
205304
204872
205093
204996
205205
205063
205041
204990
205256
205159
205017
204952
205117
204916
205367
205083
205145
205530
205025
205033
205220
205205
204943
205192
205050
205270
205467
205249
205078
205060
204746
205359
205528
204916
204694
205080
205187
205072
205210
205205
204867
205041
204952
205230
205008
205017
205243
204802
205015
205101
205398
205112
204966
205401
204788
205113
205182
205084
204921
205319
205158
205374
204916
205093
205114
205070
205443
205001
205039
205159
205482
205094
205164
204976
205145
205105
205554
204824
205066
204832
205148
205184
205146
204984
205363
205267
204933
205275
204977
204857
204832
205013
205057
204955
205139
204849
205047
205170
204966
205102
205090
205128
205400
204872
205281
205061
205046
205064
204950
205242
205185
205011
205013
204893
205357
205098
205156
205118
205109
205191
205165
205021
204992
204929
205296
205257
205088
205408
204836
205006
205188
205031
204833
205016
204938
204919
204883
205017
205017
205478
204859
205005
205331
205087
205124
204968
205027
205466
205120
205271
205146
204919
205251
204853
205147
205133
205134
205045
205353
205146
205127
205242
205147
205107
205242
205185
205082
205144
205219
205197
205025
205242
204874
205286
205170
204930
205259
204819
205105
205302
205077
205286
205311
205139
205006
205176
204834
205174
205298
205317
204733
205036
204955
205107
205234
204926
205169
205154
205133
205119
205462
205041
205178
204898
204835
205342
205195
204989
204961
204980
205070
204811
204867
205139
205258
205100
205480
205068
205115
205322
204990
205070
205734
205109
205106
205510
205171
204983
205539
205116
205108
204850
205043
205258
205093
205181
205170
204966
205144
204930
205150
205326
205000
204848
204745
205341
204974
205001
205126
204826
205086
205174
205213
205124
205195
205094
205128
205037
205120
205243
205220
205176
205199
204808
205155
204776
204806
204992
205067
205143
205106
205089
204747
205384
205234
204997
205353
205102
205199
205404
204936
205277
205039
205127
205365
205183
205177
205568
205106
204846
205017
204947
205252
205359
205387
205374
205189
205006
205340
204984
204699
205035
205321
204791
205323
205328
205346
204781
205055
205163
205532
205167
205388
204993
205029
204974
204969
204986
205018
204898
205398
205268
205033
204890
205004
205074
204925
205012
204899
205161
205558
205025
205094
204844
204826
205355
205133
205170
205257
204971
205164
205199
204808
205205
205202
204935
205207
204708
205280
205115
205132
205483
205022
205158
204976
205172
204941
204896
205034
205140
205071
205037
205314
205247
205209
204885
205351
204900
205169
205294
204933
205131
205190
205000
205084
205090
205119
204960
205198
204774
205369
205185
205120
205128
205343
205102
205333
204927
205008
204939
205151
205084
205074
204981
204885
204979
204810
205018
205215
205073
205121
205192
205286
204904
204914
205510
205205
204794
205643
205324
204797
205195
205031
204997
205213
205260
205258
204970
204965
204913
205305
204899
205010
204968
204662
205108
205437
204932
204963
205092
205202
205162
205026
205030
205241
205125
205026
204871
205041
204902
205068
204907
204900
205117
205468
204870
205168
205064
205027
205462
205104
205333
205272
205266
204882
205041
204874
205196
205169
205048
205298
205037
204738
205365
205161
204699
205210
205149
204831
205194
205048
205376
205294
205040
204875
205532
204981
205317
205269
205433
204949
205170
205151
205118
205086
205229
205279
205259
205225
205040
205115
205118
205426
205285
205130
204730
205092
205281
205057
205075
205236
205090
205415
205136
205118
205280
204946
205289
205183
204750
205174
204804
205262
205587
205243
204998
205073
205408
205025
204737
205048
205109
205311
205312
205197
205270
204911
205326
204660
205051
205054
205150
205054
205369
205142
205346
204972
205218
204764
205156
205171
205406
205473
205113
205275
204921
205469
205097
204858
205078
205033
205323
205095
205453
205192
205001
205357
205169
205158
205165
205198
205053
204781
204850
205104
204927
205182
205154
205062
204906
205123
205358
205046
205160
204708
204732
204882
205185
205142
205022
205377
204744
205297
205118
205184
205071
205247
204975
205334
204815
205320
205081
204995
205146
204983
205119
204983
205182
205345
205078
205041
205099
205518
204805
205133
205157
205089
204861
205285
204967
204882
205201
205101
204820
205043
205012
205006
205167
205280
205143
205012
205092
205266
205122
205208
204986
205248
205352
205135
205063
204770
204909
205289
205001
205002
204994
205212
204682
205074
205100
205274
205129
204840
205029
205247
205122
204941
204973
205108
205233
205432
204964
205092
205199
204949
205052
205120
204988
205119
205222
205203
204875
205138
205024
204985
204930
204886
205151
204882
205225
205268
205300
204966
205270
204948
204948
204962
205451
205283
205227
205000
205409
205289
205199
205244
205163
205271
205380
205348
205191
205039
205203
205092
204927
204737
204912
204704
204803
205266
205542
205185
205582
205020
205287
205101
205258
205281
205350
205126
204967
205649
205400
205253
205062
204903
204941
205020
205177
204938
205226
205063
205303
205087
205035
204918
204899
205001
205027
205283
205317
205048
204991
205249
204903
204881
204786
205052
205254
204917
205212
204946
205140
205223
205004
204806
204937
205023
205237
204930
204849
204713
204707
205060
205154
205297
205085
205058
205127
204869
205237
205097
205220
204803
205193
205243
204975
204905
205347
205102
205052
205226
205233
205209
205404
205018
205160
205114
205423
205198
204815
205254
204718
205028
205103
205033
205091
204985
205424
204941
205052
204929
205256
204921
205214
205880
205206
205028
205229
205368
204933
204976
204831
205082
205189
204834
205072
204859
205335
205122
205016
204955
204844
204992
205240
205222
205258
204943
205036
205090
205460
205252
204960
205404
205181
205081
205142
205216
205505
205370
205162
205129
205070
204961
205372
204921
205102
205561
205175
204942
205197
205278
205434
204939
205211
205424
205137
205117
205231
205109
205178
205213
204953
205209
205200
204898
205597
205051
205370
204904
204987
205115
205310
204904
204977
204781
205261
205150
204970
205397
204723
205412
205047
204956
205251
205186
205021
204922
204952
204919
205208
205098
205067
204863
204911
205031
204951
205126
204859
205007
205307
205006
205265
205113
205042
204952
204901
204749
204876
204959
205223
205415
205216
205087
205549
205120
205161
205027
204953
204832
205121
205196
205175
205034
205213
205021
205247
204973
205087
205277
204981
205261
205047
204986
205073
205300
205089
205059
205540
204953
205445
205047
205252
205255
205023
205028
205458
205236
205042
204918
205068
205176
205227
204899
205328
205320
205309
205093
205099
205072
204993
205266
205257
205178
205051
205163
204989
205015
204798
205078
205048
205203
205292
205297
205062
205393
205230
205386
205053
204915
205345
204818
205138
205256
205261
205060
205129
204788
205136
204988
205278
205142
205296
205278
205051
205173
205000
205554
205295
205148
204862
205168
205245
205311
205511
205314
205017
205547
205014
205321
205097
204869
205308
205135
204869
205002
205044
205141
204909
205233
205132
204983
205155
205185
205061
205324
205010
205253
205396
205048
205314
205365
205332
205222
205249
205034
205106
205303
205018
204836
204895
205074
204813
205009
205114
205342
205439
205109
205227
205134
205619
205016
205066
204970
205019
205332
205219
205139
204958
204978
204942
205204
205247
205144
204894
205228
205312
205359
205188
204991
204996
205120
205131
205179
205488
205180
205096
205491
205106
204833
204952
205154
205224
205126
205490
205039
205193
205204
205018
205152
205155
204989
205192
205322
205332
205050
205265
205080
205512
205127
205263
205004
204920
205011
204902
205117
205251
205223
205197
205227
205052
204949
205220
205113
205401
205398
205296
205044
205280
205001
205198
205336
205100
205074
204992
205025
205047
205050
205121
204929
205199
204943
205001
205231
205094
205213
205167
204949
204933
205225
205065
205093
205302
205121
205152
204828
205044
205254
205189
205202
204948
204890
205068
205167
205398
205223
205223
205134
205039
205013
204945
205247
205125
204918
205248
205156
205241
205180
205137
204940
205322
204852
204960
204967
205373
205331
204973
205393
204828
205250
205043
205311
205119
205060
205205
205154
204894
205126
205049
204946
205281
204861
205230
204981
205119
205110
205439
205318
204867
205292
205233
205037
204876
204983
204936
204907
205470
205013
205062
204967
205213
205066
205200
204908
204819
205053
205152
205331
205336
205434
205013
204862
205121
205067
205322
205582
205384
205076
204943
205306
205000
204726
204994
205134
205496
205010
205014
205218
205217
204901
205127
205100
205117
205424
205111
205113
205162
205154
205095
205259
204938
205062
205040
205122
205409
205261
205377
205209
205050
205029
204949
205530
205172
205080
205339
205183
205092
204861
204887
204862
205250
205170
205305
205235
204747
205244
205365
205191
204875
204986
204972
204962
204994
205090
204738
205063
205302
204585
205086
204903
204801
204961
205400
205060
205168
205370
205436
205233
205158
204847
205011
205400
204823
205120
205132
205065
205178
205027
205647
205192
205128
205167
204866
205180
205296
205117
204939
204973
205207
205181
205168
205292
205077
205016
205069
205113
205211
205212
204888
204893
204905
205058
205021
205083
205476
204940
205245
204644
204923
205153
205175
204874
205013
205234
205261
204927
205349
205339
205014
205162
204996
205317
205209
204907
205026
204847
205074
205091
205158
204942
205112
205060
205357
205391
205137
205397
205219
205176
205076
205013
205264
205217
204997
205411
205165
205032
205244
205295
205042
204849
205123
205389
204996
205244
205211
205277
205042
205201
204866
204835
205467
205029
205031
205007
205186
205121
205296
204892
205117
205255
205109
205468
205132
205303
205154
205150
205081
205256
204916
205154
204982
205225
205239
205088
205101
205130
205300
205167
205183
205127
205192
205127
204833
205241
205261
205032
204993
205122
205040
204849
205212
205073
204906
205063
205179
205193
205239
205180
205002
205038
204987
205084
205156
204891
205091
204886
205242
205162
205586
205085
205338
205158
205298
205072
205020
205056
204873
205230
205031
205197
204907
205220
205358
204914
205448
205193
205127
205103
204844
205371
204849
205136
205480
205074
204943
204995
205239
205106
205364
205128
205504
205069
205267
205266
205087
205329
204920
205307
205443
205119
205057
205123
205182
205367
204988
205053
205174
205341
205257
205333
204957
205056
205045
205211
205126
205061
204993
205320
205325
205121
204922
205175
205097
205060
205057
205000
205196
205382
205498
205093
205118
205261
204874
205128
204750
205124
205053
205015
205176
204902
204970
205338
204968
205229
204952
205087
205259
205093
205165
205126
205047
205293
205203
205307
205025
205243
204859
204851
205250
205131
205117
204893
205261
205166
205222
205567
204889
205213
205276
205188
205393
204987
205094
205076
205072
205004
204945
205172
205303
205099
205114
204969
205135
205279
205163
205068
205337
205291
205061
204974
205303
205094
205292
204897
205061
205309
205218
205275
204898
204972
205597
205093
205146
205246
205288
205628
204946
204841
205206
205024
205139
204952
205038
205130
205192
205055
205067
205039
205049
204876
205002
205190
205038
204880
205241
204962
205115
205207
205278
204860
205338
204696
205366
205068
205494
205185
205104
205003
205102
205130
205118
205323
205662
204981
204915
205045
205286
205302
205024
204880
205098
205040
205371
205114
205030
205136
205042
204991
205660
205266
205014
205042
204941
205228
205022
204839
204936
205396
205123
205299
205076
205199
205145
205167
204963
205093
205029
204942
204936
204993
205380
204811
205177
204989
205454
205105
205271
204984
205063
205036
204921
204971
205099
204945
205231
205155
205459
205123
205111
205141
205312
204986
204980
205208
204937
205389
205141
205086
204996
205138
205267
205450
204958
205280
204842
205312
205078
205373
205236
204975
205092
205269
205231
205138
205248
205163
204963
205449
205566
205069
205341
205466
205314
205196
205221
204908
205187
204846
205211
205291
205292
205253
205027
205169
204829
205281
205021
205234
205475
204923
205117
205251
204843
204932
205291
205053
205381
205245
205484
205199
205273
205442
205173
204893
205146
205092
205177
205004
205189
204800
205459
205097
205024
205158
204759
205367
205042
204881
204974
205402
204953
204933
205078
205318
204895
204861
205369
205153
205112
205330
205063
204947
205099
204974
205290
204860
205140
204954
205243
205308
205030
205267
205234
205131
205473
205096
205394
205177
204896
205113
204836
205278
204861
205126
205191
205264
205156
205229
205015
204980
205183
204735
205118
205146
205402
205323
205063
205095
205045
204916
205147
205184
205465
204985
205267
204920
204951
205145
205208
205094
205165
205157
205039
205266
205103
205061
205244
205145
205021
205155
205159
205194
204696
205644
205465
205573
205257
204755
205090
205018
205244
205137
205241
205166
204949
205130
204690
205224
205173
205245
204945
205345
204920
204919
204866
204986
204891
204840
205164
204937
205202
205210
205332
205278
205135
205398
204755
205044
204935
205046
204968
205119
205001
205214
205075
205237
205392
205099
205050
204991
204886
204862
205063
205006
205362
205070
205108
205055
205228
205131
205223
205084
205163
205697
205141
204778
205325
205087
205071
205337
205087
205099
204929
205009
204736
205316
205262
205454
205455
205173
205139
204904
205150
204901
204961
205237
205346
205137
204892
205190
204938
205171
204899
205118
205044
205249
205558
205295
205262
205049
205167
204983
205278
205131
205218
205275
205005
205014
205124
205391
204753
205027
204890
204903
205036
204813
205065
205049
205049
204725
205102
205390
204839
205268
205034
205155
205099
204988
205144
204851
205182
204950
204822
205193
204999
204978
205120
205373
205208
205097
205026
205163
204977
204896
204910
205201
205104
205138
204853
205040
204893
204915
205192
204984
205039
205020
205224
204886
205191
204978
205028
205093
204987
205263
204977
204986
205034
205057
205063
204966
205046
205246
205395
205324
205363
205609
205268
205612
205126
205271
204812
205200
205027
205156
205363
205243
205214
205257
205025
205178
205062
205315
204758
205209
205118
205304
205359
205243
205248
205317
205158
205041
205283
204877
205024
205056
204893
204876
205151
205137
204974
204888
205088
205421
205016
205059
205255
205076
204844
205130
205160
205111
205052
205268
205008
205124
205043
205158
204929
204866
205468
205444
204850
205375
204850
205152
205105
204971
205200
204844
205674
205097
205075
205217
205127
205051
205054
205465
205088
204973
204852
205095
205090
205086
204839
204915
205031
204970
205153
205123
204977
205263
205105
205374
205323
205170
205095
205053
205057
204925
205031
205342
205225
205028
205276
205280
205347
205475
205241
205376
205111
205084
205056
205172
205279
205332
205079
205292
204888
205184
205125
205250
205163
205631
205101
204784
204841
205047
204981
205440
205006
205160
205472
205302
205214
204929
204922
204662
205156
204836
205088
205258
205375
205210
205539
205009
205009
205129
205004
204915
205039
204903
205224
204740
205205
204995
205277
205113
204956
205188
204670
205223
204914
205861
205373
205427
205419
205342
205168
205403
205227
205031
205125
204824
204994
205177
204908
205201
205126
205059
205326
205472
205143
205320
204970
205089
205150
205142
205187
204823
205142
204992
205134
204875
204738
205075
205191
205183
205342
205393
204974
205248
205128
205145
204986
204832
205134
205099
205072
204994
205230
205119
205351
205406
205114
205157
205226
205244
204984
205028
205089
205136
205074
205185
205205
205052
205112
205193
205208
204645
205280
205232
205368
204989
205287
204708
205226
205341
204922
205123
204981
205054
205044
205144
205020
205242
205198
205140
204933
205298
205073
205063
204885
205081
205054
205143
204935
205193
205185
205200
205036
205330
205216
204887
205355
204760
204951
204969
205142
205295
205200
205186
205037
205121
204947
205126
205070
205247
204981
205051
205283
205322
205248
204928
205425
205325
204992
205072
204980
204925
205268
205075
205069
205217
205476
204948
205012
205230
205254
205129
205374
205069
204852
205062
205433
205273
205259
205010
205005
205217
205354
205096
205016
205298
205247
205251
205148
204992
205132
204791
205202
205045
205022
205156
204975
205243
205327
204768
204813
205028
205311
205313
205162
204979
204946
204874
204945
205365
205560
205235
204898
205269
205031
204938
205256
205049
204854
205323
205368
205159
204919
205199
205142
204853
204924
204990
205183
204914
204918
205180
205058
205199
205114
205043
204745
205064
205529
204775
205074
205076
205046
205167
205033
204788
205627
204871
205410
204909
205157
204922
205052
204969
204979
205445
205158
205252
205096
205276
205314
204921
205153
205099
204795
205340
205311
205067
204995
205046
205294
204908
205208
204962
205087
205161
205020
204934
205396
204970
205052
204888
205285
205062
204901
205100
204925
205012
205567
205164
204860
205045
204891
205135
205034
205003
205302
205023
205461
204865
205016
204963
205294
205025
204876
205028
205068
205402
205042
205293
205178
205062
205102
205047
204948
205672
204980
205262
204992
204873
205163
205296
205074
205228
205107
205086
205243
205024
205257
205213
205049
204864
204925
205185
205787
205282
205004
205102
205066
204986
205291
204899
205161
205095
205162
205425
204953
205056
205121
205256
205436
205161
204684
205294
205149
204942
205071
204933
206010
205310
205283
205305
205116
205226
204992
205319
204842
205205
205276
205377
204989
204866
205349
205039
204979
205019
204822
205018
205329
205119
204999
204949
204949
205147
204959
205069
204849
205058
204929
205145
205154
205133
204935
205188
205032
204920
205424
205325
204801
205310
205363
204802
205159
205000
205197
205188
205130
204981
205020
205124
205511
205582
205093
205172
205068
205472
205057
205162
205161
205360
205178
204907
204973
204973
205128
205016
205178
205116
204756
205152
205041
205071
205058
205078
205113
205145
204935
205137
205147
204920
205208
204945
205151
205144
205026
205469
205175
204911
204937
204882
205140
204851
205025
205476
205271
205039
205199
205252
205217
205043
205295
205003
205024
205119
205395
205193
204985
205472
205141
204971
205067
204974
204893
204824
204916
205328
205186
205262
205424
205080
204948
204986
204963
205357
205058
204861
205458
205199
205120
205344
204912
205177
205166
205220
204728
205013
205302
205097
205049
204799
205070
204962
204854
204997
205416
204680
205187
204919
205013
205341
204915
205276
205460
205030
205220
205249
204934
205194
204971
205033
204789
205067
205295
204881
205202
204775
205114
205255
204794
205217
204945
205516
205110
205206
205052
205218
204866
205072
205091
205273
204986
204875
205159
205132
204994
205066
205302
205567
204714
205168
205068
204906
205299
205072
204978
205099
204953
205021
205111
205443
204886
205149
204959
205260
204967
205303
204847
205055
205026
205032
205330
205164
205320
204994
205192
205047
205220
204927
205137
205106
204954
204959
205324
205265
205201
205142
204867
205256
205406
204936
205122
205098
205094
205406
204871
205393
205369
205407
205097
204907
205175
205636
205155
205062
205019
205150
205242
204982
204892
204938
204848
205189
205191
205213
204920
205111
205321
205050
205238
205033
205323
205112
205255
205257
204987
205090
205084
205160
205189
205120
205014
205334
205226
205000
204998
205003
205100
204931
205253
205357
205017
204866
205083
205373
205209
204745
205137
205436
205203
205236
205301
205086
205208
205150
205039
204859
205295
205066
205250
204729
205045
204851
205114
204976
204850
205121
205101
204957
204807
205167
204966
205130
205173
205041
205002
205068
205023
205065
205046
205085
205089
205232
205020
205326
204970
205118
205285
205266
205264
205065
205171
205336
204872
205053
205103
204775
205230
204929
205000
204948
205117
205114
204957
205227
205263
205108
205151
205144
205277
205151
204809
205641
204938
204910
205114
205245
205131
204620
205053
205143
205233
204828
205083
205127
205083
204812
205115
204959
204915
205157
205081
205351
205074
205001
205257
205083
205074
205168
205207
205001
205117
204869
205128
205124
204824
204993
204981
204808
205415
204956
204750
205026
205173
205404
205161
204744
205142
204920
205080
204891
204827
205266
205019
204913
205080
205155
205034
205130
205380
205047
205233
205194
204873
205287
204875
205282
204843
204998
204906
205184
205251
205692
205025
205159
205025
205535
204947
205529
205382
204984
205454
205224
205152
205247
205116
204905
205054
205208
205135
205036
205039
205226
205141
205123
204680
205008
205179
204759
205203
204781
205085
205221
205190
205042
205138
205092
205151
205030
205307
205439
205236
204801
205127
205050
205061
205164
205068
205301
205418
205058
205217
205194
205339
205050
205245
205134
205325
205275
205181
205173
204927
205154
205395
204947
205224
205344
205114
205185
204952
205442
205275
205167
204847
205318
205137
205106
204871
205119
205410
204884
205152
205058
205017
205331
205125
205025
205053
205080
205249
205294
205060
205032
205452
205338
204929
205223
205064
205072
204824
204964
204918
204946
205297
205021
204992
205271
204912
204694
205382
204876
204908
205216
204888
204959
205059
205216
204707
205242
205049
204833
205301
205115
204979
205315
204982
205536
205038
204972
205124
205160
205155
205092
204936
204958
205013
205337
205120
205522
205121
205021
205283
204850
204989
205013
205326
204690
205304
205014
205072
205366
205273
204952
205150
205671
205004
204931
205200
204913
205106
204798
205080
205321
205245
205235
204916
205008
205277
205158
205186
205218
204951
204800
205111
205539
205325
205125
205568
205267
205243
204824
205515
204973
205010
205118
205217
205103
205432
205065
205146
205150
204854
204919
204768
205045
204989
204920
204912
205300
205074
204906
205477
205327
205167
204936
205450
205265
205132
204941
205289
205371
205791
205457
204766
205080
204947
205032
205062
205381
204660
205203
204946
205069
205099
204810
205073
204884
205184
205134
205338
205032
205050
204922
205003
205222
205182
205133
205188
205011
205358
204948
205066
204848
204935
205213
204981
205178
205507
205376
205305
205352
204995
205243
204674
205178
205322
204951
204748
204607
205096
204958
205318
205119
205089
205266
205192
205002
205003
205119
205103
205219
205038
205238
205081
204902
205209
204954
204890
204722
204955
204800
205206
205124
205110
205005
204711
204943
205024
205068
205269
205162
205474
205344
205259
205015
204897
205188
204995
204956
204875
204638
205062
205301
204765
205070
205107
205228
205092
205056
205123
205288
205120
204853
205300
205037
205112
204986
204946
205182
204905
204982
205137
204953
205031
205279
204856
205095
205022
205253
205151
205197
205082
205014
205019
204922
204936
204985
205250
205162
204696
205216
205003
205299
204959
205203
205078
205227
205348
205294
204994
205151
205139
205344
205414
205158
205263
204939
205013
205280
205227
205026
204995
205596
205540
204848
205334
205198
204951
205169
205312
205013
205017
204976
205081
205117
204865
205372
205125
205023
205210
205038
205175
205528
205177
205087
205141
205329
204978
205144
205116
205175
204976
204817
205122
205298
205037
204886
204980
205067
205066
205337
205108
205189
204960
205176
205261
205067
204777
204961
205138
205160
205137
205256
205179
205124
205144
205374
205256
204943
205088
205157
205115
205076
205011
205071
205328
204945
205257
204930
205229
205213
204756
205112
205353
205078
205012
205160
205089
204992
204857
205025
205206
204835
204981
204884
204931
205046
205108
205040
205380
205014
205079
205053
204958
205021
205016
205273
205287
205206
205061
205074
204819
205008
204986
205229
205315
205138
205109
205285
205201
205249
204917
205284
205006
204945
205186
205163
205225
205236
205006
205239
204994
205072
205150
205033
205228
205192
204978
205121
205251
204906
205255
205228
204849
205178
205387
205169
205396
205325
205226
204933
205204
205535
205190
205206
205339
204743
205154
204909
205127
204900
205094
204651
204802
204989
205335
204838
205142
205097
205265
205232
205093
205304
205065
204929
205284
205185
204922
205425
204902
205150
205008
205068
205093
205073
205197
204784
205286
205374
204918
205301
205077
205268
204948
205352
205096
205157
205220
205234
204876
204953
205073
205194
205463
205506
204789
205132
205255
205338
205173
205071
205225
205266
205289
205288
205142
204956
205054
204912
205366
205100
205031
205003
205219
204943
204774
205120
204970
205289
205164
204944
204763
204817
204943
205156
205617
204907
205191
205207
205162
205403
205580
205142
204894
205285
205093
204918
205001
205009
205298
205317
205484
204988
204793
204958
205033
204823
204988
205068
204796
205076
204877
204924
205009
204946
205292
205126
204722
205134
205268
204764
204907
204591
204981
204921
205020
205138
205250
205598
205190
204770
205193
204977
205152
204973
205175
205145
204872
204967
204958
205229
205198
205202
205211
204914
205240
205231
205229
205159
204777
205234
205119
204969
205185
204923
205037
205278
204907
205278
204812
205233
204888
205397
205368
205287
205180
205429
205165
205062
205165
204918
205250
205390
205019
205469
205217
204960
205089
205076
205193
205001
205297
205031
205085
205217
205548
205008
204988
205214
204720
205149
205049
205199
204984
205227
204982
204923
205088
204988
204834
205216
204844
204925
205018
205300
204992
205005
205321
204794
205069
205029
204788
204957
204893
205357
204800
205097
205304
205058
205073
204861
205084
204936
205078
205045
205053
205014
205146
205016
204996
205321
204714
205246
205506
204909
205239
205261
205117
205123
204934
204949
205050
204984
205293
204950
204945
205129
204887
205699
204997
205212
205235
205263
204996
204905
205208
205012
205590
205531
205289
205153
204891
205140
204958
205220
205023
205184
205290
205030
204918
204707
205047
205214
205179
204822
205202
205151
205069
205052
205156
205107
205094
205105
205282
204675
205193
205174
204847
205260
204972
205213
205295
205275
204978
205570
205055
205342
205220
205358
205295
205074
204921
204942
205129
205071
205198
205210
205134
205051
205002
205359
205168
204758
205215
205064
205279
205317
205185
205312
205300
205266
204943
205297
205272
204879
205070
204929
205060
205195
204803
205075
205248
204902
204745
205259
205063
205431
205239
205066
205362
205401
204834
205259
205333
205390
204747
204904
205473
205101
205247
205058
205123
204978
205019
205386
204911
205249
205133
205021
205056
205250
205567
205309
204737
205090
205131
205763
205253
205090
205064
204906
205034
205131
205159
204996
205441
205019
204810
205241
205197
205185
204958
205316
205562
205357
205089
205055
205101
205268
205034
205087
205022
205416
205088
205056
205113
205302
205285
205432
205289
204835
205221
205055
205253
205295
205221
205239
205098
205109
205063
205283
205223
205023
204977
204923
205235
204821
205239
204888
205038
205459
205332
204962
205222
205353
205059
204826
205217
205546
205135
204826
205115
205127
204998
204931
204866
205003
205439
205150
204945
205169
204691
205156
204929
204945
205162
205183
205092
205365
205294
205237
205160
205109
205310
205099
204926
204983
205173
205335
205462
205246
205142
205285
205497
205065
205406
205202
204976
205204
205180
205107
204937
205223
205077
204822
205330
204812
205184
204743
205000
205208
205317
204753
205086
204881
205113
205239
205102
205557
205105
205004
205160
205033
205074
204905
205140
205258
205245
204905
204924
204988
204935
205050
205065
205347
205146
205384
205173
205055
204843
205448
205038
205301
205491
205004
205343
205337
205163
204615
205058
205105
204986
204973
205246
205139
204993
205213
204962
205231
204844
204992
205192
205198
205289
204981
205193
204856
204976
205498
204783
205017
204964
205057
204920
205393
205424
205048
205457
205232
205157
205041
204902
204819
205059
205741
205126
205007
204956
205106
205126
205112
205011
204772
205158
205344
205086
205128
205094
205103
205133
205073
204832
205087
205086
205441
205056
204943
205133
205462
205058
205247
204964
205413
205047
205107
205299
204817
205380
205226
205366
205165
204900
205062
205421
205362
204862
205216
205167
205284
205301
205225
205115
205153
205521
205222
205320
205044
205080
204943
204976
204930
205142
205315
205180
204934
205512
205173
205033
205195
205048
205086
205405
205230
205283
205351
205518
205185
205456
204857
205041
205351
204730
205057
205119
205250
205079
205018
205442
205268
205131
205011
204902
205044
205162
204893
205298
205086
205147
205334
205350
205024
204956
205080
205153
205253
205247
205410
204839
205102
205229
204980
205035
205424
204899
205179
205123
205122
205327
205228
204858
205192
205054
204893
205076
205175
205108
205114
205296
205087
204911
204992
205138
204964
204885
205149
205028
205077
205024
205297
205324
205173
204947
205097
205276
205049
205280
205269
205309
204876
205396
205329
204859
205152
204980
204928
205087
205433
205422
205189
204935
205173
204959
205234
205195
205227
205057
205108
205303
205342
205215
204988
205168
204975
204998
204983
205122
205402
205322
205393
205389
204956
205060
205390
205162
205295
205255
205146
205256
205151
205107
205055
204991
205158
205351
204929
205000
205308
205234
205317
204808
205413
204922
204796
204935
205114
204939
204982
205095
205260
205471
204871
205171
205164
205399
204816
205075
205244
205291
205506
205058
205025
205361
205159
205356
205352
204964
204815
205143
205055
204979
204946
205333
205249
204993
205041
205355
205111
204737
205047
204941
204823
204771
205075
205142
205222
205095
205230
205341
205205
205058
205142
204986
205287
205190
204818
205341
204892
205284
205085
205294
204798
205228
204986
205079
205192
205228
205047
205101
205123
205082
205079
205076
205335
205311
205312
205132
205337
205244
204952
205389
205037
204771
204914
205393
205138
205012
205209
205183
205152
205277
205141
204792
204812
204980
205290
205195
204985
205468
205388
205198
204964
205001
204808
204967
205143
205352
204992
205055
205211
205186
204900
205134
205198
205067
205110
205228
204868
205339
204851
204808
205160
205045
204982
205272
205199
205009
205155
205042
205410
205273
205093
204775
205160
205205
205117
205159
204892
205293
205252
205022
205072
204911
205221
204964
205258
205104
204870
205245
205414
204957
205153
205376
205166
205403
204933
204822
205265
205322
205266
205266
204975
205138
205072
204884
205081
205006
205096
205400
205194
205299
204728
205250
205107
205110
205787
205095
205169
205243
205281
204991
205150
204993
205039
204903
204987
205410
205381
204789
205197
204692
204728
205284
205391
204796
204662
205302
205177
205126
205021
205225
205719
205349
205089
205007
205012
205118
204996
205175
205185
205478
204986
204998
205122
205013
204782
205204
204930
204979
205132
205146
204948
205112
205314
205160
205371
205123
205144
205137
205273
205234
205044
205196
205071
204970
204980
205071
205200
204953
205085
205011
204865
205053
205122
204804
205275
204911
205560
204996
205370
204964
205305
204988
204867
204937
204967
205036
205176
205100
205078
204977
205326
205172
205240
205166
205009
205088
204984
204803
205473
205085
205030
205204
205146
204828
205206
205110
205219
204997
204883
204960
205234
205114
205300
205116
205253
205293
205289
205273
205289
205069
205394
205358
204947
205006
205325
204805
205109
205066
205033
205109
205467
205275
205219
205258
205001
204686
205394
205186
205249
205275
205545
205120
204690
205284
205006
205044
205029
204950
205295
205410
205182
205110
205013
205017
204806
204759
205355
205287
204903
205255
205004
205167
205141
205056
205224
205191
205350
205078
205231
205442
205078
205190
205033
205017
204947
205486
204926
205575
205311
205125
205218
205112
205095
205159
205077
205095
205407
205215
205195
204891
205307
205150
205369
205319
205163
205301
205277
205251
205073
205264
205233
205137
204765
205013
205021
204963
204974
205680
204924
205606
204707
204970
205204
204922
204825
204800
205407
205034
205137
204951
205314
205368
205059
205017
205084
205129
205192
204973
205296
204947
204992
205143
205199
204945
205039
205116
205223
205420
205036
205489
205045
204558
205445
204893
205240
205496
205161
205236
204901
204818
205178
204863
204747
205175
204773
205134
205166
204964
205191
204761
205260
204993
204972
205128
205364
205022
204903
205003
205097
205032
205346
204983
204929
205161
204939
204741
205183
205117
205376
205369
205293
205348
205049
204854
205087
205191
205178
204994
205451
204956
204780
204964
205007
205085
204936
205444
205053
205302
205205
204733
205192
205039
204925
205299
205254
205134
205172
205158
204962
205216
205025
205147
204950
204851
205193
204970
205215
205117
204820
204981
205024
205120
205117
205068
205090
205069
205199
205314
205148
205017
205314
204912
205104
205289
205258
205069
205026
204951
205039
204952
204975
205032
205228
204887
205181
205109
205077
205201
205215
204946
204956
205244
205155
205149
205136
205070
204981
205122
204896
205162
204805
205176
205126
205081
205350
205042
204972
205028
205192
204959
205224
205240
205077
205148
205241
204863
205035
205388
205000
205243
205028
205199
205334
204872
204924
205285
205508
204950
205236
205049
205216
205137
205050
204926
205139
205368
205408
205126
204933
205057
204953
205249
205330
205276
205191
205110
205562
205113
205337
204809
205040
205153
205192
205202
205007
205132
205172
205270
205086
204840
205009
205513
205237
205076
205132
205135
205251
205356
205103
204995
204936
204849
205196
205059
205200
205142
205201
205586
204976
204933
205188
205266
205310
205141
205084
205296
205019
204840
205279
205081
205171
204717
205186
205218
205023
204942
205264
205192
205282
204862
204952
205210
205166
205034
204957
205295
205061
204996
205014
204935
205299
205234
205057
205504
205427
204936
205112
204914
205123
205212
204937
205295
205266
204862
205145
204894
204983
205009
204922
204871
204931
205207
205125
205018
205014
205136
204840
204954
205147
205095
205040
205177
205338
204996
205024
204981
205196
205006
204947
205056
204976
205045
204719
205114
204986
205120
205391
205059
205177
205044
204830
205350
205225
205320
205460
205212
205339
205081
205324
205240
205059
205443
205391
205094
205432
205008
205034
205061
205181
205251
205282
204893
204910
205068
205203
205218
205257
205167
205151
205006
205143
205364
204892
204914
205375
204688
204754
205080
205267
204899
205134
205276
205356
204828
205123
205223
205186
204731
204998
205144
204990
205377
205311
204844
205204
205103
204998
205064
205580
204929
204992
205236
205127
205155
204845
205324
205525
205209
205388
204839
205042
205119
205356
205280
205127
204837
205328
205431
205034
205075
205252
205418
205057
205209
205450
205170
205373
205612
205051
205021
205451
204936
205332
205538
204900
205074
205239
205111
205122
205102
205195
205155
205196
205038
204871
205146
204917
205062
205042
205594
205351
205051
204923
204896
205254
205336
205322
205242
205157
205020
205344
205102
205205
205093
205091
205009
205317
205121
205176
205484
205056
204871
205142
205445
205086
205121
204928
205077
205106
205063
205067
205295
205052
205150
204965
205095
205491
205013
205207
204879
205460
204940
205350
205176
204872
204905
205394
205299
205207
205062
205425
204745
205271
205035
205286
205022
204978
204938
204892
205183
204967
205035
205018
204958
204967
205432
205030
205379
205148
205114
204553
205210
205560
205071
205337
204934
205368
204870
205088
205206
204970
205206
204969
204860
204996
205166
205133
205262
205233
204686
205032
205315
205000
204947
205526
205064
205064
205033
205090
205233
205010
205191
205046
205081
204687
205037
205272
205140
205297
205248
204853
205097
205219
204982
205163
205133
205150
205197
205064
205019
205188
205035
205054
205371
205171
205026
204981
204827
204699
205343
205014
205150
204953
205008
205105
205122
204927
205209
205092
204853
205273
205137
205550
204883
205228
205270
205233
205353
205069
205072
205181
205116
204915
205039
205309
205205
205202
205311
205327
205197
204972
205427
205200
205221
204974
205248
204919
205153
205181
205146
205082
205279
205155
205004
205108
205473
205064
205290
204819
205255
204948
204861
205080
205048
204698
205068
205607
205081
204828
205085
205104
205252
205016
205415
205178
205464
205062
204756
205100
204954
205208
205115
205257
205511
205650
205046
204982
205146
205190
205368
205060
205012
204795
205236
204962
205051
204906
205401
205129
205167
205456
205094
204947
205237
205134
205117
204784
205177
204842
205211
205355
205435
205178
205597
205375
205168
205391
205268
204900
205153
205447
205099
205181
205390
204947
204955
205093
205144
204984
204981
205433
204864
205144
205760
205475
205066
205070
205103
204993
204683
204985
205332
205281
204942
204950
205273
205043
205092
205100
204808
204983
205104
205046
205277
204989
204950
204849
204979
205041
205005
205254
204856
204996
205220
205065
205199
204996
205381
204934
205118
205247
204950
204809
205376
204970
204924
205032
204947
204971
205207
205318
205209
204880
205288
205109
205131
204781
205320
205318
205343
205326
204949
205203
205279
205144
205072
205539
204971
205479
205136
205071
205160
205108
205088
205187
205111
205155
205316
205236
204919
205283
205041
205131
205295
205080
205103
204910
205004
204900
204970
205331
204967
205108
205164
205019
205085
205278
205312
205057
204966
205326
205261
205205
204978
204839
205411
205065
205291
205156
205204
204984
205026
204995
204860
205094
204810
205131
204963
205117
205102
205097
204978
204905
205154
205246
205351
204910
204998
205135
205107
205074
205086
204955
205130
205345
205557
205091
204915
205207
204730
205100
204914
205078
204845
205046
205242
205415
204994
205030
204819
205190
204832
204903
205288
204893
205096
205358
204832
204720
204977
205334
205060
205228
204906
205358
205091
205085
205529
205038
205159
205285
204863
205306
205231
205164
205342
205097
204949
205204
205184
205351
204960
205143
205075
205240
205139
205194
205018
204826
205397
205067
205364
205330
205221
204909
204893
205208
205460
205150
205215
205446
205063
204848
204986
204999
205129
204943
205175
205051
205206
205500
205374
204887
204951
205222
204876
204968
205111
204897
205231
205351
205056
205065
204964
205051
204922
205106
204961
204753
204950
205418
205186
205133
205046
204925
205117
205045
204943
205413
205013
204942
205259
205195
205093
204758
205236
205035
204846
205337
205392
204894
205197
205303
205153
205055
205227
204965
205050
204806
205234
205099
205348
205005
205402
205093
205096
204953
205191
205141
204872
204748
205231
205063
205176
205242
205273
205080
205044
204883
204948
205145
205253
204926
204879
205044
205121
205440
205062
205119
205050
205271
205204
204956
205101
204971
205228
205208
205038
205043
205207
205209
205182
204963
205331
205385
205005
204919
205263
204919
205206
205165
205096
205220
204988
204946
205268
204965
204979
205059
204989
205452
205451
205548
205352
205247
205297
205077
204972
205092
205231
205176
205136
204959
205251
204924
205284
205396
205012
205011
204796
205217
205176
205261
204991
205349
204972
205201
204884
205444
205041
204700
204983
204820
204784
204951
205139
205093
205324
205240
205147
205031
204972
205046
205160
205177
205214
205001
205122
204987
205111
205248
205222
205240
205141
204980
205221
204763
205163
205055
205131
205061
205201
204970
205018
204912
205295
205566
204807
205052
205000
205121
205102
205087
205006
205117
205002
205359
204962
204882
204857
205067
205023
205234
204997
204845
205175
205289
204976
205363
204957
205179
204982
205106
205029
205012
205144
205179
205190
205062
205244
205143
205311
205017
205050
204893
204901
205342
205154
204821
205027
205379
205225
205331
205288
204836
204746
205160
205485
205076
205162
204744
204955
205110
205366
205047
205372
204922
205183
205167
204911
205035
205045
204928
205069
205086
204823
205404
205174
204976
204969
205022
205361
205062
204954
204887
205049
205065
205053
205135
205189
205390
204909
205159
205102
205203
205015
205152
204884
205110
205504
205108
205067
205210
205053
205136
205073
205058
204949
205152
205031
204739
205070
205505
204755
205166
205215
205222
204604
204928
204876
205113
205218
205069
205123
205021
205243
205311
205016
205090
205215
205126
205057
205119
205311
205383
205171
205136
205040
205489
205226
204808
204951
204999
205017
205468
205134
205222
204962
204868
204878
205193
204975
204934
205064
205117
205128
205005
205221
205230
205117
204946
205200
205074
204943
205319
204919
205486
205377
205156
204971
205216
204935
205380
204894
204966
205061
205020
205345
204992
204887
205125
204826
204934
205082
205270
204984
204952
205136
204891
205072
204872
205297
204946
205034
205085
205237
205048
205076
205114
205163
205181
205117
205109
204884
205171
204812
205190
204785
205058
205519
204756
204712
205185
205008
205407
205221
205584
205176
205525
205187
205130
205071
205271
204851
205087
205107
205175
205288
205137
205099
205229
205408
205338
205101
205132
205103
205075
204964
204756
205518
205623
205394
205148
205019
205082
205268
205094
204957
205216
205313
205151
204985
205066
205025
204750
205142
205388
205230
205281
204892
205325
205078
205341
205495
205476
205161
204715
204885
205247
204771
204842
204992
205107
204995
205065
205349
205070
205303
205181
205067
205265
205161
205090
204711
204949
205041
204670
204999
205147
205393
205050
205456
205308
204800
204809
204913
204845
205006
205193
205367
204933
204964
205083
204958
204983
205288
204988
205212
205037
205275
205193
205302
205012
205042
205226
204932
204809
204956
205159
205182
205105
205518
205082
205314
205085
204867
204887
204893
205105
205261
205489
205182
205266
205121
205117
205160
205009
205294
204972
204988
205288
205046
204843
204741
205029
205334
205255
205263
204994
205176
205132
205091
204988
204928
205176
205132
205346
204795
204927
205047
205296
205176
205042
205299
205401
205388
205206
205169
204770
204923
204907
205045
205048
205282
205451
204953
205095
205054
205121
205393
205038
205075
205082
205004
205103
205229
205176
204847
204798
205239
204777
205019
205111
205189
204831
205006
204943
205063
205328
205260
204837
205410
205046
205044
204879
205659
204854
205327
205074
204983
204891
205173
205191
205059
204823
204946
204972
205209
205013
205367
205310
205154
204963
204909
205355
204956
205022
205659
204986
205662
205091
205511
205148
205278
205158
205019
204938
204892
204854
205127
205292
205095
205082
205356
205064
205379
205206
205082
205246
205141
205024
205281
204945
205150
205104
205034
204930
204801
205023
204941
205044
205325
205372
205391
205052
205054
205188
205058
205312
205128
205313
205178
204988
204974
204914
204990
204936
204793
205130
205363
205026
204890
205006
205270
204831
205103
205373
205246
205150
205220
205194
205009
204852
205144
205060
204829
205129
205023
205250
205023
205224
205145
205220
205175
205020
205138
204825
205142
204788
205217
205042
205251
205141
205124
205045
205147
205059
204784
204845
205063
205141
205211
205066
205303
204939
205307
205220
205305
205084
205146
205006
205016
205046
205264
204932
205328
204970
204919
205114
205292
204969
205067
204979
204958
204902
205090
205024
204899
205174
205177
205173
204823
204842
205080
204899
205168
205360
204834
205101
204873
205319
205120
204764
204891
204925
205254
205030
205082
205270
204981
205028
204939
205202
205372
204925
205129
205045
205247
205061
205507
205155
205070
205101
205093
205302
205312
205037
205116
205309
204972
205168
204969
204884
205131
204860
205442
205326
205100
204818
204917
204774
204894
205165
205313
205301
204866
205208
205255
205139
204846
205197
204894
205226
204867
204986
205264
204779
205149
205069
205198
205107
205098
205052
204699
205306
205082
205295
205133
204770
205314
205115
205020
204995
205082
205439
205180
205342
205095
204955
204844
205047
205144
205042
205134
205321
204811
204767
204828
205093
205239
205025
205102
205013
205450
205233
204868
204938
205097
205145
204887
205518
205111
204897
205081
205137
205147
205187
205140
205133
204984
205132
205097
204870
205148
205260
205195
204979
204958
205092
205128
205050
204900
204932
204977
204901
204916
205110
205061
204870
205258
204820
204910
204956
205296
205263
205149
205163
205001
205058
205092
205219
205208
205336
205388
204967
204980
205082
205231
205023
204780
205134
205112
205040
205298
205032
205163
205169
205042
205182
205035
205205
204867
205164
205240
205072
205358
205242
205141
204969
204933
205164
204938
204987
205043
204885
205111
205148
205289
204903
204996
205058
205306
205680
205467
204837
205207
205364
205290
205330
205386
204885
205135
205246
205460
205057
204929
204884
204920
205086
204869
204985
204950
205128
205639
205149
205153
205117
205281
205369
204986
204954
205053
204911
205327
205188
205044
204812
205389
205098
204844
205238
204682
205157
205058
205377
205181
204845
205133
205078
205135
204957
204992
204942
204957
204893
205319
205160
204945
205086
205032
205087
204939
204886
205280
205269
205225
204915
204787
205443
205471
204831
205188
204844
205350
205107
205095
204971
204944
205159
204850
205148
205178
205086
205145
205229
205131
205107
205019
204987
205142
205039
205181
205068
205007
205362
205093
205009
205261
204863
205282
205341
205122
205556
205065
205049
205501
204579
205013
205065
205145
205221
205319
205096
205297
204882
205098
205117
204900
205333
205414
205165
204844
205107
205266
205149
205216
205186
205251
205066
204981
204838
205325
205059
205002
205570
205116
205372
205439
205313
205405
205157
205249
205083
205204
205100
204763
205152
205327
205012
204998
204941
204879
205545
205199
204977
205200
204998
205110
205439
204977
204699
204948
204916
205044
205125
205066
205318
205008
205315
205186
205008
204922
204955
205053
204993
205019
205178
205264
205128
205350
205595
205088
205058
205018
205081
205193
205141
205217
204971
205058
204840
205107
205255
205203
204951
205074
205204
205305
205006
205423
205319
205178
205129
205044
205223
205130
204973
205146
204875
204963
205313
204926
205311
204997
205088
205234
205243
205374
205357
205203
205260
204874
205279
205055
205203
205363
205038
205126
205345
205425
205199
204997
205147
205310
204925
205101
205399
205268
205137
204678
205098
205103
205169
205241
204926
205078
205055
204923
205024
205100
205046
204917
205112
204770
204977
205224
205224
205325
204987
205251
204830
205020
204841
205307
205103
205090
204992
204942
205162
205295
205292
205325
204733
205585
205311
205008
205115
204898
205342
205428
205440
204863
205031
205062
205124
205106
205352
205177
205024
204845
205362
205114
205148
205427
205084
205067
205323
205299
205085
205118
205050
205140
205305
205271
204943
205332
204985
204903
204874
205264
205156
204754
205524
205052
205023
204869
205019
205114
205271
205025
205000
204819
204944
204975
205036
204892
204772
205123
205031
204832
205280
205277
204707
204903
204825
204911
204967
205479
204782
205150
205105
205511
205367
205165
205052
205051
205220
205581
205239
205159
205509
205131
205047
204851
205218
204992
204922
204832
205072
205153
204998
205063
205217
205079
204968
204994
205145
205301
205357
205453
205166
205250
205113
205019
205275
205073
205176
204928
205128
204999
204917
204955
205106
204808
204849
205318
205295
205011
205240
205251
205165
205132
205028
205309
205158
204912
205016
205307
204942
205217
205302
204962
205298
205084
205065
204786
205006
204989
205299
205006
204915
205119
205149
205055
204984
204925
204986
205226
205218
204836
205419
205237
204895
205050
204913
204843
205116
205171
204814
204745
205396
205182
205352
204841
205022
204990
205198
205252
204866
204811
205117
205014
205172
205387
205156
205298
205058
205061
204873
205224
204977
205207
204989
205039
205076
205169
205233
205114
205237
205028
205095
205124
205205
205438
205192
205210
205073
204970
205078
205133
205132
205100
205229
205221
205259
205142
205049
204826
204984
205264
204966
204791
204953
205301
204821
204896
205107
205334
205463
205501
205193
205529
205354
205239
205149
204947
204971
205224
205017
204915
205308
205297
204991
205023
205318
205141
205219
205211
205218
205173
205285
205388
205395
204866
204878
205259
205233
204904
205582
205268
205108
205123
205168
205045
205074
204922
205022
205048
204918
204984
205216
204977
205197
205261
204849
204976
204857
205184
205167
205349
205064
205174
205367
205216
205339
205126
205167
205202
205372
205019
205045
205222
205057
205134
205245
204922
205185
205132
205332
205321
204977
204974
205277
205330
204941
205341
205303
204949
205417
205040
205087
205159
205157
205047
205019
205064
205499
205178
205157
204811
205148
204823
205024
205199
205101
205415
205151
205256
204879
205075
205659
205239
205128
205036
205184
205441
205138
205000
205172
205364
205109
204985
205022
205277
205408
204993
205133
204961
204955
205255
205266
205254
205034
205093
204933
205246
205051
205140
205315
205353
204693
205164
205132
205007
205338
205234
205139
205028
204943
204948
205171
204768
205307
205295
204965
205207
205321
205030
205321
205323
205236
205105
205098
205458
205267
205256
205440
204665
205053
205371
204833
205052
205124
205190
205253
205253
205155
204952
205255
205185
205243
205035
205164
205453
205163
204787
205242
205181
205081
205083
205350
205286
205029
204827
205007
205300
205014
205330
205131
205476
204951
205021
204799
205204
205149
204971
204885
204934
205364
204849
204763
205200
204933
205016
205236
205325
205050
204992
205117
205209
205083
205165
205067
204987
205232
204913
205317
204801
205317
205095
205329
204985
204871
205350
205165
205184
204987
205217
205294
205520
205109
205065
205201
205107
204982
204956
205482
205272
204919
205241
205466
204807
204984
205201
205085
204946
205119
205460
205437
205334
205081
204960
204833
205254
205541
205076
204702
205334
205121
205357
205114
204947
205082
205212
204962
204898
205796
204899
205170
204871
205367
205012
204993
205243
205166
205218
205188
205097
205272
205199
205008
205003
205098
205382
205178
205276
205147
205052
205508
204744
205055
205069
205207
205084
205055
204937
204848
205146
204877
205276
205219
205178
205665
204681
204821
205138
205144
205270
204815
204760
205257
205290
204804
204917
204981
205118
205038
205127
205153
205173
205163
205137
205011
205342
204986
205240
205222
205214
204972
205199
204855
204818
205381
205100
205347
205049
205305
204870
205430
205180
205062
205258
205186
205175
204856
205123
205296
204731
205107
205166
205022
205495
205235
204994
205261
204836
205311
205162
205061
204974
204772
205125
205000
204900
204870
205159
205252
205148
205352
205168
205210
205154
205114
204984
205266
204972
204888
205577
204976
205060
205031
204943
205064
204907
205064
205210
204863
205048
205006
205278
205496
205318
205235
204943
205417
204988
205094
205130
205240
204893
205090
204997
205068
204868
205038
205140
205302
205044
205091
204968
205375
205138
205424
204980
205253
205322
205205
205131
204998
204795
205288
204829
205078
205098
204924
205146
204882
205173
205050
205051
205074
205037
205525
205303
204761
205134
205135
205027
205290
205005
205321
205508
205065
205091
205180
205079
205195
205298
204807
205340
205155
205160
205056
205104
204847
205044
205569
204994
204821
205364
205099
205012
205165
205028
204830
205178
205028
205203
205134
205015
205279
205239
205031
205331
205257
205225
205295
205256
205352
204844
205279
205325
205131
205347
204937
205078
205057
205051
205496
205310
205241
204913
205398
205283
205060
205034
204872
205287
204676
204820
204809
205030
205261
205117
205276
205333
205115
205025
205642
204941
205119
204910
205032
205147
204702
205246
205292
204926
205225
205434
205189
204931
205247
204964
205206
205001
205059
204947
205118
205078
204963
204864
204718
204948
205138
204903
205036
205106
205141
205433
204976
204965
204995
204850
205379
205179
205294
205068
205099
205167
205019
205584
205312
205000
204983
205123
205243
205106
204878
205039
205267
205224
204954
204948
205035
204952
205236
205368
204975
204738
204932
204786
205129
205341
205070
205047
204935
205109
205165
205117
205057
204797
205258
205047
204944
204910
205018
204957
205436
205048
205066
205014
204946
205001
205176
205214
204921
205179
205025
204825
205283
205166
205209
204827
205221
205184
205054
205300
205023
205075
205002
204784
204738
204787
205043
205095
204853
204963
205264
205345
205074
204904
205228
205300
205189
205607
205096
204792
204795
205034
205208
205154
204970
205374
205142
204866
205385
205060
204941
205008
205492
204745
205183
205527
204804
205066
205189
204911
205178
205128
204900
205218
205291
205109
205102
205096
205504
204604
205399
205099
205061
205125
205041
205092
204871
205223
205277
204843
205136
205071
204953
205041
205062
204943
205248
205276
205148
204983
205222
205238
205216
205270
204835
205376
205058
205126
205116
205245
204933
205390
205109
205068
205051
205480
204799
205175
205139
204922
205052
205005
205106
204891
205199
205109
204977
205126
205276
204873
205362
205236
205477
204868
205054
205058
204910
205278
205119
205035
205199
205055
205250
205500
205028
205056
205309
205155
204930
204852
205111
205179
205132
205232
205357
205058
205119
205151
204989
205262
205403
204964
204941
205175
205101
205347
204846
205193
205058
204955
205060
204884
204932
205235
205468
205186
204769
205225
205152
204921
205265
205318
204885
204976
205463
205044
205332
205195
205111
205573
205403
205212
205014
204944
205293
204726
204893
205217
205160
205310
205243
204844
204956
204985
205553
204847
205322
205057
204945
205178
205185
205436
205179
205054
205274
205046
205064
204779
205145
205158
204933
204991
204761
205266
205142
204849
205310
204973
205333
204815
205283
205302
204779
205301
205243
205019
205342
204907
205139
205203
204839
205237
205140
205275
205584
204962
205100
205085
205049
205305
205136
205079
204909
205170
204989
205179
205076
205065
204963
205013
205160
205300
204846
205146
205488
205033
205163
204991
205010
205000
205137
205180
205156
205149
205107
205250
205160
205339
205192
205160
205382
205043
205220
204938
204882
204671
205124
204800
205332
204818
205035
205162
205150
205018
204937
205305
204921
205208
205102
205349
205344
205327
205226
205210
205062
205117
204875
205160
205401
204767
205489
204996
204948
205147
205109
204984
204707
205015
205486
204815
205140
205104
205135
205020
204735
205431
205535
205150
204926
204849
205061
205057
205074
204993
204824
205318
205447
205217
204820
205371
205169
205142
205290
204887
205092
205368
205080
205108
205227
205300
205145
204884
205086
205192
205136
205381
204931
205127
204902
205167
205106
205231
205256
205269
205320
204881
205195
205303
205192
205417
204988
205077
205118
204902
205163
205065
205114
204795
204999
205027
205112
204767
204995
204842
205096
205089
205102
205251
204981
204885
205082
205175
205245
205014
205119
205327
204966
205070
205024
204960
205083
204960
205067
204974
205247
204832
205232
205420
205052
204809
204959
205258
204929
205341
204978
205302
205187
205123
204803
204978
204919
205480
205124
205027
205291
205095
205168
204944
205334
204963
204898
204996
205117
205052
204991
204968
204899
205155
205028
205177
205269
204823
205237
205112
205026
205052
205015
205236
204994
205001
205076
204863
204943
204962
204874
205039
205214
204988
205072
204951
205025
205297
205334
205197
204912
205072
204906
205104
204906
205212
205059
205360
205223
205200
204871
204969
204990
204926
205221
205004
205064
205174
205469
205082
205348
204786
205061
205066
205235
205048
204997
204841
204839
205066
205098
204920
205000
205169
205216
204934
205218
204911
205229
205051
204952
204986
205022
205124
205080
205099
204847
204964
205252
205022
204895
205145
205088
205061
204893
205318
205359
205262
205435
205333
205080
205162
205227
204889
205153
204918
204918
205005
204969
204827
205120
205020
205045
205165
205129
204942
204944
205162
205096
205129
205079
205304
205012
204981
205074
205129
205118
204865
205354
204937
205290
205303
205141
204991
205055
205519
205520
205054
205030
205289
205059
205110
205188
205076
205352
205007
205169
204783
205130
204983
205137
205078
204817
205090
205076
205075
205576
205354
205256
205185
205209
205335
205205
204912
205056
204818
205259
205307
205227
205613
205142
205073
205317
205046
204988
205239
205296
205369
205124
205065
205069
204834
205053
205327
205332
204951
205331
205316
204657
205059
204926
204767
204781
205040
204931
205198
205437
204837
205089
205404
205024
205087
205042
204714
205110
205171
205166
205119
205111
205253
205074
205091
204951
204985
205209
205231
205087
204843
205154
205042
204967
204731
205204
205100
205271
205196
204894
205218
205184
205514
204896
204952
205234
205331
204703
205298
205162
205050
204867
205412
205056
205025
205336
205119
205066
205329
204960
204972
204907
205268
205072
205383
205076
205090
204895
205124
204955
204950
204899
205149
205414
205156
204827
205201
205204
205301
204855
205126
205133
204780
205285
205069
205407
205016
205275
205116
205182
205195
205170
205238
205344
205257
204781
205247
205080
204669
205209
204947
205064
205485
205348
205164
205145
205299
205212
205260
204930
205175
204896
205078
205178
204976
204964
204745
205187
205078
204816
205099
204966
205222
205062
205315
205158
205329
204917
205332
205141
205220
205312
204969
205238
205191
205253
205149
205190
205154
204912
204923
205365
205202
205018
204896
204843
205177
204788
205234
205129
205295
205233
205236
205105
205006
205313
205248
205049
204976
204881
205050
205248
205121
205172
204842
205143
205174
205320
205326
205108
205181
205247
204868
205034
205122
204725
205415
205238
204942
205440
204953
205213
205193
205102
205064
205267
205256
205057
205442
205092
205232
205505
204909
205143
205055
204949
205042
204870
205191
205090
205033
205260
205016
205044
205218
205294
205037
205073
204965
205211
205168
205443
205272
205162
205196
204999
205615
205024
205450
205139
205118
205087
205288
205014
205115
205480
205100
205401
205226
204927
205123
204842
204810
205092
205610
205164
205199
204868
204953
205217
205361
205106
205078
205079
205123
205249
205110
205052
205441
205539
205151
205329
205207
205375
205383
205281
204928
205151
205138
204906
205093
204973
204862
205225
205187
204955
205439
205092
204957
205013
205230
205089
204786
205207
205168
205441
204891
205362
205015
205032
205173
205132
204976
204952
204866
204893
204961
205271
205048
205408
205129
205067
205015
205306
204689
204979
204933
205188
205192
205116
204938
205440
205057
204927
205248
205167
205349
204928
205376
205165
205256
205148
205108
204721
205134
205302
204820
205328
205303
205129
205115
204963
204878
205141
205184
205230
205387
205226
205205
205150
204912
204901
205245
205389
204680
205286
205013
205131
205262
205210
205096
205326
205243
204932
205129
205251
205256
205307
205159
204957
205029
204978
204906
204886
205253
205298
205090
205046
204912
205077
205058
204876
204940
205059
205022
205092
204940
204995
204954
204895
205247
205373
204948
205261
205041
204868
205082
205418
204994
205043
205201
205139
205121
204966
205054
205189
204909
204876
205316
204875
205382
204972
205129
205102
204965
204967
205426
204622
204993
205079
205289
205170
205289
205375
204997
204979
205163
204997
205355
204856
204993
205179
205029
205101
205203
205233
205141
205076
205365
205323
205278
205112
205128
205089
205231
205264
205002
205269
205374
205297
205191
205293
205364
205003
204922
204985
205217
204977
204931
204963
205166
205001
205132
205001
204959
204925
205233
205206
205443
204884
205027
205244
205117
205561
205216
205128
204900
204945
204898
205376
205534
204971
205218
205060
205008
204734
204971
205076
205179
205242
205270
205162
204874
205096
205014
204902
205055
204893
205175
204881
205263
205007
204901
205114
204950
205079
205200
205429
204931
204850
204920
205043
204815
204866
205093
204883
205141
205336
205029
204928
205149
204916
205096
205292
205222
205261
205532
205148
205113
205518
205060
204775
205317
205385
205184
205143
205021
205260
205277
205120
205104
205111
205109
205234
205063
205136
205110
205268
205073
204749
205064
205223
204994
204937
205051
205269
205406
204902
205358
205161
204939
205253
204740
205014
204994
205221
204998
205215
205176
205139
205132
205158
205196
204742
205087
205456
205053
205134
204932
204889
205171
204809
204950
205125
205146
205215
204946
205376
205210
205250
204813
205104
205213
205383
205089
205141
204853
204837
205122
205338
205019
204716
204991
205097
205338
205051
205380
204876
205070
205066
205271
205287
205107
204939
205085
205065
204971
205049
205024
205229
204895
205188
205079
205543
205113
205095
205291
204911
205303
204844
204912
205061
205219
205317
204952
204962
205555
204952
205025
205060
205254
205092
205296
205039
205157
205105
205002
204919
205254
204914
204915
204934
205211
205112
204861
205074
205236
205387
205308
205004
205068
205249
204947
205190
205114
205131
205021
205052
204977
205127
205202
204803
204889
205112
204893
205285
205050
205171
204891
205128
205081
205104
205006
204997
205214
205092
205477
205029
205079
205038
205090
204969
205053
205423
205053
205114
204995
204907
205029
204949
204862
205226
205115
204920
205056
205365
205002
205020
204838
205023
205574
205354
205031
205252
204981
205158
205342
205414
205232
204729
205336
205087
205134
205180
204996
205149
205042
205073
205015
205505
204947
205338
205074
205511
205064
205118
204981
205311
205068
205193
205056
205360
205340
205091
205022
205246
205189
205280
205020
205382
205166
204769
205077
205233
204853
205329
205125
205374
205368
205266
205066
205182
205238
205302
205248
205215
205047
205125
205213
205459
204995
205024
205034
205292
204951
205025
204921
205129
205255
205162
205028
205326
205239
205146
205177
205030
205223
205163
204895
205250
205333
205049
204976
204992
205283
205378
204964
204885
204902
204966
205127
205274
205091
205263
204924
205127
204904
205331
205170
205239
205391
204940
205171
204969
205282
205177
205291
204874
205188
205032
205030
205120
205031
205208
205175
205495
204634
204790
205272
205164
204957
205137
205093
204947
204907
205172
205210
204839
205028
205411
204987
205025
205084
205013
205208
204814
205134
204899
205167
205072
205068
204855
205083
205163
204925
205354
205065
204848
205160
205305
205075
204970
205212
204977
205397
205145
205058
205348
205073
204923
205256
205227
205182
204931
205126
204936
205157
205155
205264
205130
205116
205227
205149
205161
205113
205177
204987
205051
205003
205238
204866
205251
205207
205013
205400
205378
205042
205042
205180
204957
205486
205157
205188
204985
205248
205104
205336
204981
205151
204774
205391
205184
205388
205243
205043
205111
205251
204985
205700
204949
204973
205160
205334
205099
204962
204900
204891
205062
205486
205061
204850
205235
205327
205130
205214
205005
204774
205219
205293
205395
205233
205170
205127
205163
205133
205069
204893
205405
205102
205350
205264
205546
205038
205128
205018
205299
205312
204883
205259
205049
205186
204965
205105
205379
204980
205124
205004
204921
205109
204983
205058
204922
204995
205118
205243
205009
205140
205281
204962
205109
205282
205108
205321
205094
205506
205198
205151
205274
205428
204978
205009
205193
205285
205614
205472
205246
204752
204967
205164
205215
204669
205044
204812
205203
205181
205082
205131
205403
204888
205059
205033
205253
205049
204913
205132
205680
205294
205193
204969
205509
204888
205100
205271
205334
205149
205198
205280
205216
205012
204978
205300
205061
204828
205420
205469
205145
205156
205047
205459
205208
204924
205262
205097
204729
205242
205218
205081
205399
205183
205143
205152
205006
205273
204804
205054
205062
205385
204925
205096
205003
204980
205244
205320
205195
205019
205026
205078
204925
205411
205148
204876
204985
205262
205122
205090
205313
204939
205180
205533
205040
205057
204989
205247
205115
205041
204963
205032
205472
205293
205049
204989
205261
205043
205064
204946
205176
204900
205303
204968
205111
205016
205335
205248
205708
205375
205184
205022
205134
205041
205425
205142
205121
205216
205034
205490
205183
204674
205133
205194
205400
204932
205172
205087
204691
205052
205568
204998
205025
205032
204957
205093
205141
204917
204944
205476
204966
204959
205283
205325
205139
205117
205161
205021
205122
204954
205017
204997
204923
205045
204873
205296
205106
204864
205164
205054
204933
205484
205212
204969
205244
204885
205057
205215
204972
205304
205316
205248
205019
205093
205421
205139
205070
205468
205099
204864
204866
205145
204721
204962
204959
205006
205579
205121
204898
205147
205162
205098
205550
205056
204916
205004
205019
205247
205068
204994
205065
205102
205183
204991
205083
205232
204978
204820
205132
205392
205637
205167
205410
205327
205246
205113
205040
204936
204892
204895
205183
205091
205174
205143
205050
205123
204816
205005
204876
204977
204766
205378
204914
204852
205108
204926
204990
205209
204871
205001
205233
205026
205076
205139
204903
205139
205350
205644
205008
205337
204958
205104
205353
205434
205108
204910
205372
205048
205293
205551
205141
205239
205299
204945
205083
205438
205357
205145
205162
205161
205083
204773
204927
205189
205330
205077
204976
205240
205027
205188
205360
205205
205426
205088
205093
205291
205088
205230
204728
205030
205270
204925
205488
205233
205173
205035
204994
205153
205173
205225
205101
205019
205267
204986
205109
205018
205065
205079
204981
205277
205100
205099
204869
205211
205009
205219
204991
205316
205139
205061
205193
204953
205034
205054
205057
204932
205253
205297
205123
205049
205067
205115
205006
204779
205324
205104
204956
205043
204935
205089
204781
204763
205072
205044
205094
205192
205016
204970
205002
204974
205020
204865
205218
205394
205023
204813
205116
205030
205097
204901
205274
205332
205137
205329
205257
204963
205302
205344
205336
204961
205014
205172
205196
205075
205223
205182
204795
205104
205201
205150
205258
204996
205255
205138
205068
205211
204798
205161
204825
205140
204998
204863
205104
205076
205196
205403
205440
205107
205193
205128
205310
204901
204969
205006
205013
204953
205292
205829
205256
205148
205087
205269
204800
205164
205249
205447
205322
205061
205198
205105
205102
205119
205127
205072
205141
205280
204900
205068
205535
205246
205066
205166
205255
205046
204981
205129
205277
205065
205117
204911
204962
205055
204947
205535
205058
205372
205132
205508
205117
205126
204982
204920
205045
205074
205241
204977
204956
205292
205394
205069
204834
204925
205125
205022
205123
205338
204935
205315
205138
204989
205326
205009
205205
205230
204977
205115
205096
204909
205087
205275
205076
205272
205052
204881
205015
204964
204863
205289
205111
204967
205202
205302
205187
205234
204779
204963
204929
