0 0.0
0 21.108351082182846
0 0.0
0 0.0
0 0.0
0 0.0
0 0.0
0 0.0
0 0.0
0 0.0
0 0.0
0 0.0
0 20.813032566777125
0 0.0
0 0.0
0 0.0
0 0.0
0 0.0
0 0.0
0 0.0
0 0.0
0 0.0
0 0.0
0 0.0
0 0.0
0 0.0
0 0.0
0 0.0
0 25.93837636402279
0 0.0
0 23.683619784487806
0 0.0
0 0.0
0 0.0
0 0.0
0 0.0
0 0.0
0 0.0
0 0.0
0 0.0
0 0.0
0 0.0
0 0.0
0 0.0
0 0.0
0 0.0
0 0.0
0 0.0
0 0.0
0 0.0
0 0.0
0 141.96778701661944
0 0.0
0 0.0
0 0.0
0 0.0
0 0.0
0 0.0
0 0.0
0 0.0
0 0.0
0 0.0
0 0.0
0 0.0
0 0.0
0 54.06212123318723
0 0.0
0 0.0
0 0.0
0 0.0
0 0.0
0 0.0
0 0.0
0 0.0
0 26.07338527735445
0 0.0
0 0.0
0 0.0
0 0.0
0 0.0
0 125.41380472358213
0 0.0
0 0.0
0 0.0
0 0.0
0 0.0
0 0.0
0 0.0
0 0.0
0 0.0
0 0.0
0 0.0
0 0.0
0 0.0
0 0.0
0 72.45168435416159
0 0.0
0 0.0
0 0.0
0 0.0
0 0.0
0 0.0
0 0.0
0 0.0
0 0.0
0 0.0
0 0.0
0 0.0
0 0.0
0 0.0
0 0.0
0 0.0
0 0.0
0 0.0
0 0.0
0 0.0
0 0.0
0 0.0
0 0.0
0 0.0
0 0.0
0 0.0
0 0.0
0 0.0
0 0.0
0 0.0
0 0.0
0 57.18162914092679
0 0.0
0 0.0
0 0.0
0 0.0
0 0.0
0 0.0
0 83.94271821242113
0 0.0
0 0.0
0 45.18647165512065
0 0.0
0 0.0
0 0.0
0 0.0
0 0.0
0 0.0
0 0.0
0 0.0
0 0.0
0 216.8684023388645
0 0.0
0 0.0
0 0.0
0 100.41778062519275
0 0.0
0 67.55371496334287
0 0.0
0 0.0
0 243.83150845753357
0 0.0
0 0.0
0 71.60768504288731
0 0.0
0 0.0
0 0.0
0 0.0
0 0.0
0 0.0
0 86.86910529461906
0 0.0
0 0.0
0 0.0
0 38.44802211803165
0 0.0
0 0.0
0 21.182432477651204
0 0.0
0 0.0
0 32.437520101796025
0 0.0
0 0.0
0 0.0
0 0.0
0 30.67241722717285
0 0.0
0 0.0
0 0.0
0 0.0
0 27.226941049289398
0 0.0
0 0.0
0 0.0
0 0.0
0 0.0
0 0.0
0 0.0
0 0.0
0 0.0
0 0.0
0 0.0
0 0.0
0 0.0
0 0.0
0 0.0
0 0.0
0 31.833365375611542
0 0.0
0 0.0
0 0.0
0 35.56296128592627
0 0.0
0 0.0
0 0.0
0 0.0
0 0.0
0 0.0
0 0.0
0 0.0
0 0.0
0 0.0
0 0.0
0 49.835639548199666
0 0.0
0 0.0
0 0.0
0 0.0
0 0.0
0 0.0
0 0.0
0 0.0
0 0.0
0 0.0
1 0.0
1 0.0
1 0.0
1 0.0
1 0.0
1 0.0
1 0.0
1 0.0
1 37.84628215377829
1 0.0
1 0.0
1 0.0
1 0.0
1 0.0
1 0.0
1 0.0
1 0.0
1 0.0
1 0.0
1 0.0
1 0.0
1 0.0
1 0.0
1 0.0
1 0.0
1 0.0
1 0.0
1 0.0
1 0.0
1 0.0
1 0.0
1 0.0
1 0.0
1 0.0
1 0.0
1 0.0
1 23.778000486288292
1 0.0
1 0.0
1 0.0
1 0.0
1 0.0
1 0.0
1 0.0
1 0.0
1 0.0
1 49.83648360711642
1 0.0
1 0.0
1 0.0
1 43.882821038991466
1 0.0
1 0.0
1 0.0
1 0.0
1 0.0
1 0.0
1 0.0
1 0.0
1 0.0
1 0.0
1 0.0
1 0.0
1 0.0
1 0.0
1 0.0
1 34.82549251428503
1 0.0
1 0.0
1 0.0
1 0.0
1 0.0
1 0.0
1 0.0
1 0.0
1 0.0
1 0.0
1 0.0
1 0.0
1 74.80513401205341
1 0.0
1 0.0
1 0.0
1 0.0
1 0.0
1 0.0
1 0.0
1 0.0
1 0.0
1 0.0
1 0.0
1 0.0
1 0.0
1 51.17146568583728
1 0.0
1 0.0
1 0.0
1 0.0
1 0.0
1 0.0
1 0.0
1 0.0
1 0.0
1 0.0
1 0.0
1 35.840994558912335
1 0.0
1 0.0
1 0.0
1 0.0
1 0.0
1 0.0
1 0.0
1 0.0
1 0.0
1 0.0
1 0.0
1 0.0
1 0.0
1 113.86500347048737
1 0.0
1 0.0
1 0.0
1 0.0
1 0.0
1 0.0
1 32.724962236287
1 0.0
1 0.0
1 0.0
1 0.0
1 0.0
1 0.0
1 35.826129686059275
1 0.0
1 0.0
1 0.0
1 0.0
1 0.0
1 0.0
1 0.0
1 0.0
1 22.341151437552078
1 0.0
1 0.0
1 0.0
1 0.0
1 0.0
1 0.0
1 0.0
1 83.74270689044884
1 0.0
1 0.0
1 0.0
1 0.0
1 0.0
1 0.0
1 0.0
1 0.0
1 0.0
1 0.0
1 0.0
1 31.49270102561133
1 0.0
1 0.0
1 0.0
1 0.0
1 0.0
1 0.0
1 0.0
1 0.0
1 0.0
1 0.0
1 0.0
1 87.09790414128658
1 0.0
1 0.0
1 0.0
1 0.0
1 0.0
1 0.0
1 0.0
1 0.0
1 0.0
1 0.0
1 0.0
1 34.24762469319736
1 0.0
1 0.0
1 0.0
1 0.0
1 0.0
1 0.0
1 0.0
1 0.0
1 0.0
1 0.0
1 45.76614979819044
1 0.0
1 0.0
1 0.0
1 0.0
1 0.0
1 0.0
1 0.0
1 0.0
1 26.061838718492595
1 0.0
1 0.0
1 0.0
1 0.0
1 0.0
1 126.70062106510379
1 0.0
1 0.0
1 0.0
1 0.0
1 0.0
1 0.0
1 0.0
1 25.213181370166758
1 0.0
1 0.0
1 0.0
1 0.0
1 0.0
1 26.630310832960717
1 0.0
1 0.0
1 0.0
1 0.0
1 0.0
1 0.0
1 0.0
1 0.0
1 154.47385441288932
1 0.0
1 0.0
1 166.70718483242192
1 0.0
1 0.0
1 0.0
1 0.0
1 0.0
1 126.98135384947295
1 0.0
1 0.0
1 0.0
1 157.63741842587788
1 0.0
1 0.0
1 0.0
1 32.688886035808494
1 0.0
1 0.0
1 0.0
1 0.0
1 24.955317224095207
1 0.0
1 0.0
1 0.0
1 0.0
1 0.0
1 0.0
1 0.0
1 30.25403743012966
1 0.0
1 0.0
1 0.0
1 0.0
1 0.0
1 22.249565860281482
1 0.0
1 0.0
1 0.0
1 0.0
1 0.0
1 0.0
1 0.0
1 0.0
1 0.0
1 0.0
1 0.0
1 97.78943133050996
1 0.0
1 0.0
1 0.0
1 0.0
1 0.0
1 0.0
1 0.0
1 0.0
1 0.0
1 0.0
1 0.0
1 0.0
1 0.0
1 0.0
1 0.0
1 0.0
1 0.0
1 67.41061957978525
1 0.0
1 0.0
1 0.0
1 0.0
1 0.0
1 0.0
1 21.184162565753827
1 0.0
1 0.0
1 0.0
1 0.0
1 0.0
1 0.0
1 0.0
1 0.0
1 0.0
1 0.0
1 0.0
1 92.03253415897662
1 0.0
1 0.0
1 0.0
1 0.0
1 0.0
1 0.0
1 22.824298042804003
1 0.0
1 0.0
1 0.0
1 0.0
1 0.0
1 0.0
1 66.7884838876036
1 0.0
1 0.0
1 0.0
1 0.0
1 0.0
1 0.0
1 0.0
1 0.0
1 0.0
1 44.14755719270163
1 0.0
1 0.0
1 0.0
1 0.0
1 0.0
1 0.0
1 56.56476683499623
1 0.0
1 0.0
1 0.0
1 0.0
1 0.0
1 0.0
1 0.0
1 0.0
1 0.0
1 0.0
1 0.0
1 0.0
1 92.18525916067352
1 0.0
1 0.0
1 0.0
1 0.0
1 0.0
1 0.0
1 0.0
1 0.0
1 0.0
1 0.0
1 0.0
1 0.0
1 0.0
1 0.0
1 0.0
1 0.0
1 0.0
1 0.0
1 0.0
1 0.0
1 0.0
1 0.0
1 0.0
1 0.0
1 36.09133317799521
1 0.0
1 0.0
1 0.0
1 0.0
1 0.0
1 86.51422877598958
1 0.0
1 0.0
1 0.0
1 0.0
1 0.0
1 0.0
1 0.0
1 0.0
1 0.0
1 26.08479279309363
1 0.0
1 0.0
1 0.0
1 0.0
1 0.0
1 0.0
1 0.0
1 95.82366942904703
1 0.0
1 0.0
1 20.809954406785184
1 0.0
1 0.0
1 0.0
1 0.0
1 0.0
1 0.0
1 0.0
1 20.823785751331144
1 0.0
1 0.0
1 0.0
1 0.0
1 0.0
1 0.0
1 0.0
1 0.0
1 0.0
1 36.366200196827556
1 0.0
1 0.0
1 0.0
1 0.0
1 0.0
1 0.0
1 0.0
1 0.0
1 74.46594914748226
1 0.0
1 0.0
1 0.0
1 0.0
1 0.0
1 0.0
1 26.207791198241082
1 0.0
1 0.0
1 0.0
1 0.0
1 0.0
1 0.0
1 0.0
1 0.0
1 0.0
1 61.828299256258234
1 0.0
1 0.0
1 0.0
1 0.0
1 0.0
1 0.0
1 0.0
1 0.0
1 39.21951655487516
1 0.0
1 0.0
1 0.0
1 0.0
1 0.0
1 0.0
1 0.0
1 0.0
1 0.0
1 0.0
1 77.21981470184687
1 0.0
1 0.0
1 0.0
1 0.0
1 0.0
1 0.0
1 0.0
1 0.0
1 0.0
1 0.0
1 0.0
1 0.0
1 0.0
1 0.0
1 0.0
1 0.0
1 0.0
1 0.0
1 36.46310313521798
1 0.0
1 0.0
1 0.0
1 0.0
1 0.0
1 0.0
1 0.0
1 0.0
1 0.0
1 0.0
1 0.0
1 0.0
1 0.0
1 59.09724431628621
1 0.0
1 0.0
1 0.0
1 55.77368331391257
1 0.0
1 0.0
1 0.0
1 0.0
1 0.0
1 0.0
1 0.0
1 0.0
1 0.0
1 0.0
1 0.0
1 0.0
1 49.870293340534744
1 0.0
1 0.0
1 0.0
1 0.0
1 0.0
1 0.0
1 0.0
1 0.0
1 0.0
1 0.0
1 47.877619534562534
1 0.0
1 0.0
1 0.0
1 0.0
1 0.0
1 0.0
1 32.66526568251116
1 0.0
1 32.527564579393804
1 0.0
1 0.0
1 0.0
1 0.0
1 0.0
1 0.0
1 0.0
1 0.0
1 0.0
1 0.0
1 0.0
1 57.78647687382306
1 0.0
1 0.0
1 0.0
1 0.0
1 34.62001887534162
1 0.0
1 39.57401813926368
1 0.0
1 0.0
1 0.0
1 63.062190663180616
1 0.0
1 0.0
1 0.0
1 0.0
1 0.0
1 0.0
1 0.0
1 0.0
1 0.0
1 0.0
1 66.65822542666234
1 0.0
1 0.0
1 0.0
1 0.0
1 0.0
1 0.0
1 0.0
1 0.0
1 0.0
1 0.0
1 0.0
1 0.0
1 0.0
1 26.748730574035644
1 0.0
1 0.0
1 0.0
1 0.0
1 0.0
1 0.0
1 0.0
1 0.0
1 0.0
1 0.0
1 0.0
1 44.105220338240024
1 0.0
1 0.0
1 0.0
1 0.0
1 0.0
1 0.0
1 0.0
1 0.0
1 0.0
1 0.0
1 0.0
1 0.0
1 0.0
1 0.0
1 0.0
1 0.0
1 0.0
1 0.0
1 0.0
1 0.0
1 0.0
1 27.046260903052815
1 0.0
1 0.0
1 0.0
1 79.47082474205835
1 0.0
1 0.0
1 0.0
1 0.0
1 0.0
1 0.0
1 22.214267354021704
1 0.0
1 0.0
1 0.0
1 0.0
1 0.0
1 0.0
1 0.0
1 0.0
1 0.0
1 0.0
1 0.0
1 134.77890183904148
1 0.0
1 0.0
1 22.339896452071063
1 0.0
1 0.0
1 0.0
1 0.0
1 0.0
1 0.0
1 0.0
1 0.0
1 0.0
1 0.0
1 0.0
1 0.0
1 0.0
1 0.0
1 80.93356394039988
1 0.0
1 0.0
1 0.0
1 0.0
1 0.0
1 0.0
1 0.0
1 0.0
1 0.0
1 0.0
1 0.0
1 21.162743805238865
1 0.0
1 0.0
1 0.0
1 0.0
1 22.620812430858614
1 0.0
1 0.0
1 0.0
1 65.41567693013631
1 0.0
1 0.0
1 0.0
1 0.0
1 0.0
1 0.0
1 0.0
1 0.0
1 0.0
1 0.0
1 26.805623241914244
1 0.0
1 23.576261660631964
1 0.0
1 0.0
1 0.0
1 0.0
1 32.49383346306735
1 0.0
1 0.0
1 0.0
1 0.0
1 0.0
1 0.0
1 0.0
1 0.0
1 0.0
1 0.0
1 0.0
1 0.0
1 0.0
1 30.668142358958722
1 0.0
1 0.0
1 0.0
1 0.0
1 0.0
1 70.85736262399044
1 0.0
1 0.0
1 0.0
1 0.0
1 0.0
1 0.0
1 0.0
1 0.0
1 55.200352828921254
1 0.0
1 0.0
1 0.0
1 0.0
1 39.16138265431796
1 0.0
1 0.0
1 0.0
1 0.0
1 47.5750272865395
1 0.0
1 0.0
1 0.0
1 0.0
1 0.0
1 0.0
1 0.0
1 0.0
1 0.0
1 0.0
1 48.4577604037784
1 0.0
1 0.0
1 0.0
1 0.0
1 0.0
1 0.0
1 0.0
1 0.0
1 0.0
1 0.0
1 0.0
1 0.0
1 0.0
1 0.0
1 0.0
1 34.325929643417545
1 0.0
1 0.0
1 0.0
1 0.0
1 28.787107803392324
1 0.0
1 0.0
1 0.0
1 0.0
1 47.14890839544575
1 0.0
1 0.0
1 0.0
1 0.0
1 0.0
1 0.0
1 0.0
1 0.0
1 0.0
1 0.0
1 0.0
1 0.0
1 0.0
1 86.63984875492135
1 0.0
1 0.0
1 0.0
1 0.0
1 0.0
1 0.0
1 0.0
1 0.0
1 0.0
1 0.0
2 0.0
2 0.0
2 0.0
2 0.0
2 25.315167613315428
2 0.0
2 0.0
2 0.0
2 49.576854349040296
2 0.0
2 0.0
2 23.37590017645798
2 0.0
2 0.0
2 28.319715175509078
2 0.0
2 0.0
2 0.0
2 0.0
2 0.0
2 0.0
2 0.0
2 0.0
2 0.0
2 0.0
2 0.0
2 0.0
2 0.0
2 0.0
2 0.0
2 0.0
2 0.0
2 0.0
2 0.0
2 42.70574193768993
2 0.0
2 0.0
2 75.7186657517564
2 0.0
2 0.0
2 0.0
2 0.0
2 21.94233210695033
2 0.0
2 0.0
2 0.0
2 0.0
2 0.0
2 0.0
2 0.0
2 0.0
2 0.0
2 0.0
2 0.0
2 44.35500034465585
2 0.0
2 0.0
2 0.0
2 0.0
2 0.0
2 0.0
2 0.0
2 0.0
2 0.0
2 49.32788059210322
2 0.0
2 0.0
2 0.0
2 0.0
2 0.0
2 0.0
2 0.0
2 0.0
2 0.0
2 0.0
2 0.0
2 0.0
2 0.0
2 0.0
2 0.0
2 0.0
2 0.0
2 0.0
2 25.27725036952387
2 0.0
2 0.0
2 0.0
2 0.0
2 0.0
2 0.0
2 0.0
2 57.124088414214754
2 0.0
2 0.0
2 0.0
2 0.0
2 0.0
2 0.0
2 0.0
2 0.0
2 0.0
2 160.62243402227185
2 0.0
2 0.0
2 0.0
2 30.57832804010875
2 0.0
2 0.0
2 0.0
2 0.0
2 54.224881324953245
2 0.0
2 0.0
2 0.0
2 173.13968244548462
2 0.0
2 0.0
2 0.0
2 0.0
2 49.699355243726544
2 0.0
2 0.0
2 0.0
2 0.0
2 0.0
2 0.0
2 0.0
2 28.210560792580317
2 0.0
2 0.0
2 95.46812044712769
2 0.0
2 0.0
2 94.89767747554089
2 0.0
2 0.0
2 0.0
2 0.0
2 0.0
2 64.65333188621743
2 0.0
2 0.0
2 0.0
2 0.0
2 53.118064080190535
2 0.0
2 0.0
2 0.0
2 0.0
2 39.10753742965003
2 0.0
2 0.0
2 0.0
2 31.33019778405078
2 0.0
2 0.0
2 43.06934240777442
2 0.0
2 0.0
2 0.0
2 0.0
2 0.0
2 0.0
2 0.0
2 0.0
2 0.0
2 0.0
2 0.0
2 0.0
2 71.59152453200556
2 0.0
2 0.0
2 0.0
2 0.0
2 0.0
2 0.0
2 0.0
2 0.0
2 0.0
2 0.0
2 0.0
2 0.0
2 0.0
2 0.0
2 0.0
2 0.0
2 0.0
2 0.0
2 0.0
2 0.0
2 0.0
2 68.40316103376993
2 0.0
2 0.0
2 104.07405773101172
2 0.0
2 0.0
2 0.0
2 0.0
2 0.0
2 20.92761510179398
2 0.0
2 0.0
2 0.0
2 0.0
2 0.0
2 0.0
2 0.0
2 0.0
2 0.0
2 26.373465635837654
2 0.0
2 0.0
2 0.0
2 0.0
2 0.0
2 0.0
2 0.0
2 85.09242238724632
2 0.0
2 0.0
2 0.0
2 0.0
2 0.0
2 0.0
2 0.0
2 0.0
2 0.0
2 0.0
2 0.0
2 0.0
2 0.0
2 44.573350863649665
2 0.0
2 0.0
2 0.0
2 0.0
2 0.0
2 0.0
2 0.0
2 57.719918744151116
2 0.0
2 0.0
2 0.0
2 0.0
2 0.0
2 0.0
2 0.0
2 29.99428432375886
2 0.0
2 0.0
2 0.0
2 0.0
2 0.0
2 0.0
2 0.0
2 0.0
2 0.0
2 0.0
2 54.2917184746169
2 0.0
2 0.0
2 0.0
2 0.0
2 0.0
2 0.0
2 0.0
2 0.0
2 0.0
2 0.0
2 0.0
2 0.0
2 0.0
2 0.0
2 0.0
2 0.0
2 48.10063503626565
2 0.0
2 0.0
2 0.0
2 0.0
2 0.0
2 0.0
2 0.0
2 0.0
2 0.0
2 0.0
2 0.0
2 27.960191717584625
2 0.0
2 0.0
2 26.12042974504474
2 0.0
2 0.0
2 0.0
2 0.0
2 52.20918651145845
2 0.0
2 0.0
2 0.0
2 0.0
2 0.0
2 0.0
2 0.0
2 32.61255302256588
2 0.0
2 0.0
2 22.76737056596242
2 0.0
2 0.0
2 0.0
2 0.0
2 0.0
2 0.0
2 0.0
2 0.0
3 0.0
3 0.0
3 0.0
3 0.0
3 0.0
3 0.0
3 0.0
3 0.0
3 0.0
3 0.0
3 0.0
3 21.827722615833522
3 0.0
3 0.0
3 35.85494343373785
3 0.0
3 0.0
3 0.0
3 0.0
3 0.0
3 0.0
3 0.0
3 0.0
3 0.0
3 0.0
3 0.0
3 61.20331959901033
3 0.0
3 0.0
3 0.0
3 0.0
3 0.0
3 0.0
3 28.25797177668541
3 0.0
3 0.0
3 0.0
3 0.0
3 34.56309247910117
3 0.0
3 0.0
3 0.0
3 0.0
3 0.0
3 0.0
3 0.0
3 26.49857994443492
3 0.0
3 0.0
3 0.0
3 33.577187421428626
3 0.0
3 0.0
3 0.0
3 127.72239483372447
3 0.0
3 0.0
3 0.0
3 0.0
3 0.0
3 0.0
3 0.0
3 0.0
3 0.0
3 0.0
3 0.0
3 0.0
3 0.0
3 0.0
3 0.0
3 0.0
3 0.0
3 0.0
3 0.0
3 0.0
3 0.0
3 0.0
3 0.0
3 0.0
3 0.0
3 0.0
3 0.0
3 0.0
3 33.21214385907658
3 0.0
3 0.0
3 0.0
3 0.0
3 0.0
3 0.0
3 0.0
3 0.0
3 51.31420995570995
3 0.0
3 0.0
3 29.294613008650522
3 0.0
3 0.0
3 0.0
3 0.0
3 31.927639787847344
3 0.0
3 0.0
3 0.0
3 0.0
3 0.0
3 0.0
3 0.0
3 0.0
3 0.0
3 0.0
3 0.0
3 0.0
3 0.0
3 0.0
3 0.0
3 0.0
3 0.0
3 78.83133544361577
3 0.0
3 0.0
3 0.0
3 0.0
3 22.34182825424859
3 0.0
3 0.0
3 0.0
3 0.0
3 0.0
3 35.056962719767085
3 0.0
3 0.0
3 0.0
3 0.0
3 0.0
3 0.0
3 0.0
3 0.0
3 0.0
3 0.0
3 0.0
3 0.0
3 0.0
3 0.0
3 112.61072860071368
3 0.0
3 0.0
3 0.0
3 0.0
3 22.28982146241023
3 0.0
3 0.0
3 0.0
3 0.0
3 0.0
3 0.0
3 0.0
3 0.0
3 21.969088197852148
3 0.0
3 66.08379068607238
3 0.0
3 0.0
3 0.0
3 0.0
3 0.0
3 0.0
3 0.0
3 0.0
3 0.0
3 0.0
3 0.0
3 0.0
3 0.0
3 0.0
3 0.0
3 0.0
3 0.0
3 0.0
3 0.0
3 0.0
3 45.62960839339278
3 0.0
3 0.0
3 0.0
3 0.0
3 0.0
3 45.61282626065341
3 0.0
3 0.0
3 0.0
3 0.0
3 0.0
3 0.0
3 52.196438457922724
3 0.0
3 0.0
3 0.0
3 0.0
3 0.0
3 0.0
3 0.0
3 0.0
3 0.0
3 0.0
3 66.85994084676106
3 0.0
3 0.0
3 0.0
3 0.0
3 0.0
3 0.0
3 0.0
3 0.0
3 0.0
3 0.0
3 0.0
3 0.0
3 37.53961259268205
3 0.0
3 0.0
3 0.0
3 0.0
3 0.0
3 0.0
3 0.0
3 0.0
3 0.0
3 0.0
3 0.0
3 0.0
3 0.0
3 20.54424680823227
3 0.0
3 0.0
3 53.23580487360309
3 0.0
3 0.0
3 0.0
3 0.0
3 0.0
3 0.0
3 0.0
3 0.0
3 0.0
3 0.0
3 21.21757015083613
3 0.0
3 0.0
3 0.0
3 0.0
3 0.0
3 0.0
3 51.74136025019643
3 0.0
3 0.0
3 27.90054931151993
3 0.0
3 0.0
3 0.0
3 0.0
3 0.0
3 0.0
3 65.3546616113646
3 0.0
3 0.0
3 0.0
3 0.0
3 0.0
3 22.751458915975455
3 0.0
3 0.0
3 0.0
3 0.0
3 0.0
3 0.0
3 0.0
3 0.0
3 0.0
3 0.0
3 49.382935735914444
3 0.0
3 0.0
3 0.0
3 0.0
3 0.0
3 0.0
3 0.0
3 0.0
3 0.0
3 0.0
3 0.0
3 0.0
3 64.68996902567916
3 0.0
3 0.0
3 0.0
3 0.0
3 29.320850224871386
3 0.0
3 0.0
3 0.0
3 0.0
3 0.0
3 0.0
3 0.0
3 38.06588289779046
3 0.0
3 0.0
3 65.28194534763712
3 0.0
3 0.0
3 0.0
3 0.0
3 0.0
3 0.0
3 0.0
3 0.0
3 0.0
3 0.0
3 0.0
3 0.0
3 0.0
3 23.677625636796694
3 0.0
3 0.0
3 0.0
3 0.0
3 0.0
3 0.0
3 0.0
3 0.0
3 0.0
3 33.21945319729864
3 0.0
3 0.0
3 24.249691154121923
3 0.0
3 20.671307035501567
3 0.0
3 0.0
3 0.0
3 0.0
3 0.0
3 0.0
3 0.0
3 0.0
3 0.0
3 0.0
3 0.0
3 0.0
3 0.0
3 0.0
3 0.0
3 0.0
3 83.34963560717844
3 0.0
3 0.0
3 0.0
3 23.033186765006892
3 0.0
3 0.0
3 0.0
3 0.0
3 0.0
3 23.075323680507818
3 0.0
3 0.0
3 0.0
3 0.0
3 0.0
3 0.0
3 129.64883357531403
3 0.0
3 0.0
3 0.0
3 0.0
3 0.0
3 0.0
3 0.0
3 0.0
3 0.0
3 0.0
3 0.0
3 0.0
3 0.0
3 0.0
3 0.0
3 0.0
3 0.0
3 0.0
3 0.0
3 0.0
3 0.0
3 0.0
3 0.0
3 0.0
3 0.0
3 0.0
3 0.0
3 83.70115091191332
3 0.0
3 0.0
3 0.0
3 0.0
3 0.0
3 0.0
3 0.0
3 0.0
3 0.0
3 0.0
3 0.0
3 0.0
3 41.53952307005046
3 0.0
3 0.0
3 0.0
3 0.0
3 0.0
3 0.0
3 0.0
3 0.0
3 0.0
3 0.0
3 0.0
3 22.020647930404515
3 0.0
3 0.0
3 0.0
3 0.0
3 24.62365599958909
3 0.0
3 0.0
3 0.0
3 53.12229358585177
3 0.0
3 0.0
3 0.0
3 0.0
3 0.0
3 118.35216812717364
3 0.0
3 0.0
3 0.0
3 0.0
3 0.0
3 106.72893802869265
3 0.0
3 0.0
3 193.9049862363383
3 0.0
3 0.0
3 0.0
3 0.0
3 0.0
3 0.0
3 163.10839712911832
3 0.0
3 0.0
3 0.0
3 0.0
3 0.0
3 0.0
3 0.0
3 0.0
3 0.0
3 0.0
3 0.0
3 0.0
3 0.0
3 29.125974396991122
3 0.0
3 0.0
3 0.0
3 0.0
3 0.0
3 0.0
3 112.27507331787248
3 0.0
3 0.0
3 0.0
3 0.0
3 0.0
3 0.0
3 0.0
3 0.0
3 0.0
3 0.0
3 0.0
3 0.0
3 0.0
3 0.0
3 109.46233536085231
3 0.0
3 0.0
3 0.0
3 0.0
3 0.0
3 0.0
3 0.0
3 0.0
3 0.0
3 0.0
3 0.0
3 0.0
3 0.0
3 0.0
3 0.0
3 0.0
3 65.81200516901055
3 0.0
3 0.0
3 0.0
3 24.457886650914052
3 0.0
3 0.0
3 0.0
3 0.0
3 0.0
3 0.0
3 0.0
3 0.0
3 0.0
3 29.69911530960438
3 0.0
3 0.0
3 0.0
3 119.09407625813986
3 0.0
3 0.0
3 0.0
3 25.13413034216331
3 0.0
3 0.0
3 0.0
3 25.19777741363931
3 0.0
3 0.0
3 0.0
3 0.0
3 36.538785100747376
3 0.0
3 0.0
3 0.0
3 0.0
3 0.0
3 0.0
3 31.486237020394526
3 0.0
3 0.0
3 0.0
3 0.0
3 0.0
3 0.0
3 0.0
3 55.64030637639634
3 0.0
3 0.0
3 0.0
3 0.0
3 0.0
3 0.0
3 0.0
3 0.0
3 0.0
3 0.0
3 0.0
3 20.007653113972445
3 0.0
3 0.0
3 0.0
3 0.0
3 0.0
3 0.0
3 0.0
3 0.0
3 0.0
3 0.0
3 0.0
3 0.0
3 0.0
3 0.0
3 32.558529224224436
3 0.0
3 96.45082776466731
3 0.0
3 0.0
3 0.0
3 0.0
3 0.0
3 0.0
3 0.0
3 0.0
3 0.0
3 0.0
3 0.0
3 0.0
3 0.0
3 0.0
3 0.0
3 0.0
3 0.0
3 0.0
3 0.0
3 0.0
3 0.0
3 0.0
3 83.88304567963704
3 0.0
3 0.0
3 0.0
3 0.0
3 0.0
3 53.1803229195731
3 0.0
3 0.0
3 0.0
3 0.0
3 0.0
3 0.0
3 0.0
3 0.0
3 0.0
3 0.0
3 52.22642006373737
3 0.0
3 0.0
3 0.0
3 0.0
3 0.0
3 0.0
3 0.0
3 0.0
3 0.0
3 0.0
3 0.0
3 0.0
3 0.0
3 0.0
3 0.0
3 95.51716952928355
3 0.0
3 0.0
3 0.0
3 0.0
3 30.158059112154522
3 0.0
3 0.0
3 0.0
3 0.0
3 0.0
3 24.590557154922774
3 0.0
3 0.0
3 0.0
3 37.35307407781545
3 0.0
3 0.0
3 0.0
3 0.0
3 0.0
3 70.61030428833757
3 0.0
3 0.0
3 0.0
3 0.0
3 0.0
3 0.0
3 28.455408623973405
3 0.0
3 0.0
3 0.0
3 0.0
3 94.48602948228097
3 0.0
3 0.0
3 0.0
3 0.0
3 0.0
3 0.0
3 0.0
3 0.0
3 0.0
3 0.0
3 0.0
3 0.0
3 0.0
3 0.0
3 0.0
3 0.0
3 0.0
3 32.04714059901417
3 0.0
3 0.0
3 0.0
3 0.0
3 0.0
3 0.0
3 42.26678914198777
3 0.0
3 0.0
3 0.0
3 0.0
3 0.0
3 0.0
3 0.0
3 0.0
3 0.0
3 0.0
3 0.0
3 0.0
3 0.0
3 0.0
3 102.3476362635174
3 0.0
3 0.0
3 0.0
3 0.0
3 0.0
3 0.0
3 0.0
3 0.0
3 0.0
3 0.0
3 0.0
3 0.0
3 0.0
3 0.0
3 0.0
3 0.0
3 0.0
3 0.0
3 0.0
3 0.0
3 49.59967122724294
3 0.0
3 0.0
3 0.0
3 0.0
3 0.0
3 0.0
3 0.0
3 0.0
3 0.0
3 0.0
3 0.0
3 0.0
3 0.0
3 29.467681054945118
3 0.0
3 0.0
3 0.0
3 0.0
3 21.355830029518373
3 0.0
3 0.0
3 0.0
3 0.0
3 0.0
3 0.0
3 0.0
3 0.0
3 0.0
3 53.07690539696942
3 0.0
3 0.0
3 35.11408968676629
3 0.0
3 0.0
3 0.0
3 0.0
3 0.0
3 0.0
3 0.0
3 0.0
3 0.0
3 0.0
3 0.0
3 0.0
3 0.0
3 88.08412529123079
3 0.0
3 0.0
3 0.0
3 0.0
3 0.0
3 28.194129491581815
3 0.0
3 0.0
3 0.0
3 0.0
3 0.0
3 44.46744151300238
3 0.0
3 0.0
3 0.0
3 0.0
3 0.0
3 0.0
3 0.0
3 0.0
3 0.0
3 0.0
3 0.0
3 0.0
3 0.0
3 0.0
3 0.0
3 0.0
3 0.0
3 25.87614216308984
3 0.0
3 0.0
3 22.49455073468955
3 0.0
3 0.0
3 0.0
3 0.0
3 0.0
3 0.0
3 0.0
3 0.0
3 0.0
3 0.0
3 0.0
3 82.11153378972037
3 0.0
3 0.0
3 0.0
3 0.0
3 48.04943560395646
3 0.0
3 0.0
3 0.0
3 0.0
3 0.0
3 0.0
3 0.0
3 0.0
3 0.0
3 63.18631223199281
3 0.0
3 0.0
3 24.41271741071819
3 0.0
3 0.0
3 0.0
3 0.0
3 0.0
3 0.0
3 0.0
3 0.0
3 47.83153187588353
3 0.0
3 0.0
3 0.0
3 0.0
3 0.0
3 0.0
3 0.0
3 0.0
3 0.0
3 0.0
3 0.0
3 37.573635320803696
3 0.0
3 0.0
3 0.0
3 0.0
3 0.0
3 0.0
3 0.0
3 0.0
3 0.0
3 0.0
3 0.0
3 0.0
3 0.0
3 50.591578429123814
3 0.0
3 0.0
3 0.0
3 0.0
3 0.0
3 22.624092926121047
3 0.0
3 0.0
3 0.0
3 0.0
3 0.0
3 0.0
3 0.0
3 0.0
3 0.0
3 0.0
3 0.0
3 0.0
3 0.0
3 0.0
3 107.1566520250262
3 0.0
3 0.0
3 0.0
3 0.0
3 0.0
3 0.0
3 0.0
3 0.0
3 0.0
3 0.0
3 0.0
3 0.0
3 0.0
3 0.0
3 0.0
3 0.0
3 0.0
3 0.0
3 0.0
3 0.0
3 0.0
3 32.39753685079419
3 0.0
3 0.0
3 0.0
3 0.0
3 0.0
3 0.0
3 0.0
3 33.72159621403331
3 0.0
3 0.0
3 0.0
3 0.0
3 0.0
3 54.11528440501922
3 0.0
3 60.632291514236734
3 0.0
3 0.0
3 0.0
3 0.0
3 0.0
3 0.0
3 0.0
3 0.0
3 22.79622357060211
3 0.0
3 0.0
3 0.0
3 0.0
3 0.0
3 0.0
3 0.0
3 0.0
3 0.0
3 0.0
3 0.0
3 43.38046982913666
3 0.0
3 0.0
3 0.0
3 0.0
3 0.0
3 0.0
3 46.290126024198926
3 0.0
3 22.992580466800266
3 0.0
3 37.05133605307721
3 0.0
3 0.0
3 0.0
3 0.0
3 0.0
3 0.0
3 0.0
3 0.0
3 0.0
3 0.0
3 0.0
3 0.0
3 0.0
3 0.0
3 0.0
3 0.0
3 0.0
3 37.64033761757489
3 0.0
3 0.0
3 0.0
3 0.0
3 0.0
3 0.0
3 48.535568158954035
3 0.0
3 0.0
3 0.0
3 0.0
3 0.0
3 0.0
3 0.0
3 0.0
3 0.0
3 0.0
3 0.0
3 0.0
3 0.0
3 0.0
3 0.0
3 0.0
3 0.0
3 39.847829389726456
3 0.0
3 0.0
3 0.0
3 0.0
3 0.0
3 0.0
3 0.0
3 0.0
3 0.0
3 47.331230805920015
3 0.0
3 0.0
3 0.0
3 0.0
3 0.0
3 0.0
3 0.0
3 0.0
3 0.0
3 0.0
3 0.0
3 0.0
3 0.0
3 0.0
3 0.0
3 37.87335506290387
3 0.0
3 0.0
3 0.0
3 80.208612440826
3 0.0
3 0.0
3 0.0
3 0.0
3 0.0
3 0.0
3 0.0
3 0.0
3 0.0
3 0.0
3 0.0
3 0.0
3 0.0
3 0.0
3 0.0
3 0.0
3 0.0
3 0.0
3 29.461008752558133
3 0.0
3 0.0
3 0.0
3 0.0
3 0.0
3 0.0
3 77.52029967193968
3 0.0
3 0.0
3 0.0
3 0.0
3 0.0
3 0.0
3 0.0
3 0.0
3 29.81465895803351
3 0.0
3 0.0
3 0.0
3 0.0
3 0.0
3 0.0
3 0.0
3 0.0
3 0.0
3 0.0
3 47.46083244198207
3 0.0
3 0.0
3 0.0
3 0.0
3 0.0
3 0.0
3 34.6933857561616
3 0.0
3 0.0
3 0.0
3 0.0
3 0.0
3 26.00044200190674
3 0.0
3 0.0
3 0.0
3 0.0
3 0.0
3 0.0
3 0.0
3 0.0
3 0.0
3 42.46957991622523
3 0.0
3 0.0
3 0.0
3 0.0
3 0.0
3 0.0
3 0.0
3 0.0
3 56.95064876320006
3 0.0
3 0.0
3 0.0
3 0.0
3 0.0
3 0.0
3 0.0
3 0.0
3 0.0
3 0.0
3 0.0
3 39.78305993606956
3 0.0
3 0.0
3 0.0
3 0.0
3 0.0
3 0.0
3 0.0
3 0.0
3 0.0
3 0.0
3 0.0
3 0.0
3 0.0
3 0.0
3 96.47705261515347
3 0.0
3 0.0
3 0.0
3 0.0
3 0.0
3 0.0
3 0.0
3 0.0
3 0.0
3 0.0
3 0.0
3 0.0
3 0.0
3 0.0
3 0.0
3 0.0
3 0.0
3 0.0
3 0.0
3 0.0
3 0.0
3 0.0
3 0.0
3 0.0
3 0.0
3 0.0
3 0.0
3 0.0
3 0.0
3 0.0
3 0.0
3 0.0
3 0.0
3 0.0
3 0.0
3 0.0
3 0.0
3 0.0
3 0.0
3 0.0
3 0.0
3 0.0
3 0.0
3 90.34230553140266
3 0.0
3 0.0
3 0.0
3 0.0
3 0.0
3 0.0
3 0.0
3 0.0
3 0.0
3 0.0
3 68.04207215012546
3 0.0
3 0.0
3 0.0
3 0.0
3 0.0
3 0.0
3 0.0
3 0.0
3 0.0
3 0.0
3 0.0
3 25.051112618093704
3 0.0
3 0.0
3 0.0
3 0.0
3 0.0
3 26.810327973713036
3 0.0
3 0.0
3 0.0
3 0.0
3 0.0
3 0.0
3 0.0
3 0.0
3 0.0
3 0.0
3 0.0
3 0.0
3 27.81063432333309
3 0.0
3 0.0
3 0.0
3 0.0
3 0.0
3 0.0
3 25.778983298564118
3 0.0
3 0.0
3 0.0
3 0.0
3 0.0
3 0.0
3 0.0
3 37.27493756827141
3 0.0
3 0.0
3 0.0
3 0.0
3 0.0
3 76.0112345552067
3 0.0
3 0.0
3 0.0
3 0.0
3 0.0
3 0.0
3 0.0
3 0.0
3 0.0
3 0.0
3 0.0
3 0.0
3 0.0
3 0.0
3 0.0
3 0.0
3 0.0
3 48.86161190342808
3 0.0
3 0.0
3 41.216237394671
3 0.0
3 0.0
3 0.0
3 0.0
3 0.0
3 0.0
3 0.0
3 62.243525539388386
3 0.0
3 0.0
3 0.0
3 0.0
3 0.0
3 0.0
3 0.0
3 0.0
3 35.21792493170318
3 0.0
3 0.0
3 0.0
3 0.0
3 0.0
3 0.0
3 0.0
3 0.0
3 0.0
3 0.0
3 0.0
3 0.0
3 0.0
3 0.0
3 0.0
3 0.0
3 0.0
3 0.0
3 0.0
3 0.0
3 0.0
3 84.01781351675088
3 0.0
3 0.0
3 0.0
3 0.0
3 0.0
3 0.0
3 0.0
3 0.0
3 44.41737260424052
3 0.0
3 0.0
3 0.0
3 0.0
3 0.0
3 0.0
3 0.0
3 0.0
3 0.0
3 21.03452752297853
3 0.0
3 0.0
3 0.0
3 0.0
3 0.0
3 0.0
3 43.39185603096981
3 0.0
3 0.0
3 0.0
3 55.41072723877992
3 0.0
3 0.0
3 0.0
3 0.0
3 0.0
3 0.0
3 0.0
3 37.18690035997239
3 0.0
3 0.0
3 0.0
3 0.0
3 0.0
3 0.0
3 0.0
3 0.0
3 0.0
3 0.0
3 0.0
3 0.0
3 22.955360868123655
3 0.0
3 0.0
3 0.0
3 0.0
3 0.0
3 0.0
3 0.0
3 0.0
3 0.0
3 0.0
3 0.0
3 0.0
3 0.0
3 94.04172190126167
3 0.0
3 0.0
3 0.0
3 0.0
3 0.0
3 0.0
3 0.0
3 0.0
3 0.0
3 0.0
3 0.0
3 0.0
3 0.0
3 41.72886872837072
3 0.0
3 0.0
3 0.0
3 0.0
3 23.70665920920994
3 0.0
3 0.0
3 0.0
3 0.0
3 0.0
3 27.266334737474853
3 0.0
3 0.0
3 0.0
3 0.0
3 0.0
3 0.0
3 0.0
3 0.0
3 0.0
3 36.76153035988485
3 0.0
3 0.0
3 0.0
3 39.98124714234144
3 0.0
3 0.0
3 0.0
3 0.0
3 0.0
3 95.94562499991088
3 0.0
3 0.0
3 0.0
3 0.0
3 0.0
3 0.0
3 0.0
3 0.0
3 0.0
3 0.0
3 0.0
3 0.0
3 0.0
3 77.67528218286164
3 0.0
3 0.0
3 0.0
3 0.0
3 0.0
3 0.0
3 0.0
3 0.0
3 0.0
3 0.0
3 71.86825913413304
3 0.0
3 0.0
3 23.315877900348873
3 0.0
3 0.0
3 0.0
3 0.0
3 0.0
3 0.0
3 0.0
3 0.0
3 22.526062689656797
3 0.0
3 0.0
3 0.0
3 0.0
3 0.0
3 0.0
3 0.0
3 0.0
3 0.0
3 0.0
3 0.0
3 0.0
3 0.0
3 23.808928442555803
3 0.0
3 0.0
3 0.0
3 0.0
3 52.41936757764921
3 0.0
3 0.0
3 0.0
3 0.0
3 30.452276991296003
3 0.0
3 0.0
3 0.0
3 0.0
3 0.0
3 0.0
3 0.0
3 0.0
3 0.0
3 37.927036589941395
3 0.0
3 0.0
3 0.0
3 34.65919983248378
3 0.0
3 0.0
3 34.44191622696285
3 0.0
3 0.0
3 0.0
3 0.0
3 0.0
3 0.0
3 0.0
3 0.0
3 0.0
3 0.0
3 0.0
3 34.60328961521215
3 0.0
3 0.0
3 0.0
3 0.0
3 0.0
3 0.0
3 0.0
3 0.0
3 0.0
3 0.0
3 0.0
3 0.0
3 0.0
3 0.0
3 0.0
3 0.0
4 0.0
4 0.0
4 0.0
4 0.0
4 0.0
4 0.0
4 0.0
4 0.0
4 0.0
4 0.0
4 0.0
4 0.0
4 0.0
4 0.0
4 0.0
4 0.0
4 0.0
4 0.0
4 26.808635707171458
4 0.0
4 0.0
4 0.0
4 0.0
4 0.0
4 0.0
4 32.28714262126
4 0.0
4 0.0
4 0.0
4 79.99570942266868
4 0.0
4 0.0
4 0.0
4 0.0
4 0.0
4 0.0
4 48.90275544618306
4 0.0
4 0.0
4 0.0
4 0.0
4 0.0
4 0.0
4 0.0
4 0.0
4 30.51577842217799
4 0.0
4 0.0
4 25.94882832474596
4 0.0
4 0.0
4 0.0
4 0.0
4 0.0
4 0.0
4 0.0
4 0.0
4 0.0
4 0.0
4 0.0
4 0.0
4 0.0
4 34.732151526800344
4 0.0
4 0.0
4 0.0
4 0.0
4 0.0
4 0.0
4 0.0
4 0.0
4 0.0
4 0.0
4 0.0
4 0.0
4 0.0
4 0.0
4 0.0
4 0.0
4 0.0
4 46.87494406881212
4 0.0
4 0.0
4 0.0
4 0.0
4 0.0
4 0.0
4 0.0
4 0.0
4 0.0
4 0.0
4 0.0
4 0.0
4 0.0
4 0.0
4 0.0
4 24.758291996187634
4 0.0
4 0.0
4 0.0
4 0.0
4 0.0
4 67.52053233688953
4 0.0
4 0.0
4 0.0
4 0.0
4 0.0
4 25.776320505057214
4 0.0
4 0.0
4 0.0
4 0.0
4 0.0
4 0.0
4 0.0
4 62.21778212962129
4 0.0
4 48.42774859685746
4 0.0
4 0.0
4 0.0
4 0.0
4 0.0
4 0.0
4 0.0
4 0.0
4 0.0
4 0.0
4 0.0
4 0.0
4 0.0
4 0.0
4 0.0
4 0.0
4 0.0
4 44.022270827689084
4 0.0
4 98.82962497979784
4 0.0
4 0.0
4 0.0
4 0.0
4 0.0
4 0.0
4 130.8777166187627
4 0.0
4 0.0
4 113.566049170411
4 0.0
4 0.0
4 0.0
4 107.79374746962814
4 0.0
4 0.0
4 76.92934127882415
4 0.0
4 111.45691922246193
4 0.0
4 0.0
4 0.0
4 28.111681241315768
4 0.0
4 0.0
4 0.0
4 150.55876228408897
4 0.0
4 0.0
4 0.0
4 0.0
4 0.0
4 0.0
4 0.0
4 0.0
4 0.0
4 0.0
4 0.0
4 0.0
4 0.0
4 0.0
4 0.0
4 0.0
4 0.0
4 0.0
4 20.584324051525968
4 0.0
4 42.339741655371405
4 0.0
4 0.0
4 77.40951195805204
4 0.0
4 0.0
4 0.0
4 0.0
4 0.0
4 0.0
4 0.0
4 0.0
4 0.0
4 0.0
4 0.0
4 0.0
4 0.0
4 0.0
4 0.0
4 0.0
4 0.0
4 128.64735728430804
4 0.0
4 0.0
4 0.0
4 0.0
4 0.0
4 0.0
4 0.0
4 0.0
4 0.0
4 0.0
4 45.122029381793936
4 0.0
4 0.0
4 0.0
4 0.0
4 31.47752390196829
4 0.0
4 0.0
4 0.0
4 0.0
4 0.0
4 0.0
4 0.0
4 0.0
4 0.0
4 0.0
4 0.0
4 101.27621353499057
4 0.0
4 0.0
4 0.0
4 0.0
4 0.0
4 0.0
4 0.0
4 21.3748471923034
4 0.0
4 0.0
4 0.0
4 0.0
4 0.0
4 0.0
4 26.27303228717651
4 0.0
4 0.0
4 26.331556235750515
4 0.0
4 0.0
4 95.5258275634481
4 0.0
4 0.0
4 0.0
4 0.0
4 0.0
4 0.0
4 0.0
4 0.0
4 0.0
4 0.0
4 0.0
4 0.0
4 0.0
4 0.0
4 0.0
4 0.0
4 38.074512695397985
4 0.0
4 0.0
4 0.0
4 0.0
4 0.0
4 0.0
4 0.0
4 0.0
4 0.0
4 0.0
4 0.0
4 0.0
4 0.0
4 0.0
4 0.0
4 0.0
4 0.0
4 0.0
4 0.0
4 0.0
4 0.0
4 0.0
4 0.0
4 0.0
4 0.0
4 0.0
4 0.0
4 0.0
4 0.0
4 0.0
4 0.0
4 0.0
4 0.0
4 0.0
4 137.8377085641846
4 0.0
4 0.0
4 0.0
4 0.0
4 0.0
4 0.0
4 0.0
4 0.0
4 0.0
4 0.0
4 0.0
4 0.0
4 0.0
4 0.0
4 0.0
4 48.18314781352524
4 0.0
4 0.0
4 0.0
4 0.0
4 0.0
4 0.0
4 0.0
4 54.25864657302672
4 0.0
4 0.0
4 0.0
4 0.0
4 0.0
4 0.0
4 40.23115135267149
4 0.0
4 0.0
4 0.0
4 0.0
4 0.0
4 0.0
4 0.0
4 0.0
4 0.0
4 0.0
4 0.0
4 0.0
4 0.0
4 0.0
4 21.793080190150796
4 0.0
4 0.0
4 0.0
4 0.0
4 0.0
4 0.0
4 0.0
4 0.0
4 0.0
4 0.0
4 0.0
4 0.0
4 118.92411057826936
4 0.0
4 0.0
4 0.0
4 0.0
4 0.0
4 0.0
4 0.0
4 0.0
4 0.0
4 0.0
4 0.0
4 0.0
4 0.0
4 0.0
4 0.0
4 0.0
4 0.0
4 0.0
4 0.0
4 0.0
4 0.0
4 0.0
4 0.0
4 0.0
4 0.0
4 0.0
4 0.0
4 0.0
4 0.0
4 35.62166847827102
4 0.0
4 0.0
4 0.0
4 0.0
4 34.420133373694505
4 0.0
4 0.0
4 0.0
4 0.0
4 0.0
4 0.0
4 0.0
4 0.0
4 0.0
4 0.0
4 26.129594497214583
4 0.0
4 0.0
4 0.0
4 0.0
4 0.0
4 0.0
4 53.65407388051351
4 0.0
4 0.0
4 0.0
4 0.0
4 67.4598346595907
4 0.0
4 0.0
4 0.0
4 0.0
4 0.0
4 0.0
4 0.0
4 0.0
4 57.48834158600151
4 0.0
4 0.0
4 0.0
4 0.0
4 0.0
4 0.0
4 0.0
4 57.236806201431556
4 0.0
4 0.0
4 0.0
4 0.0
4 0.0
4 0.0
4 0.0
4 0.0
4 0.0
4 0.0
4 0.0
4 0.0
4 32.77031059569648
4 0.0
4 58.666775617599484
4 0.0
4 0.0
4 0.0
4 0.0
4 0.0
4 0.0
4 0.0
4 0.0
4 57.92218394117127
4 0.0
4 0.0
4 54.9381428881035
4 0.0
4 0.0
4 0.0
4 0.0
4 0.0
4 0.0
4 23.66287703522306
4 0.0
4 0.0
4 0.0
4 0.0
4 0.0
4 0.0
4 0.0
4 0.0
4 0.0
4 0.0
4 60.77611422691786
4 0.0
4 0.0
4 0.0
4 0.0
4 21.896128351869415
4 0.0
4 0.0
4 0.0
4 0.0
4 0.0
4 0.0
4 0.0
4 0.0
4 0.0
4 0.0
4 0.0
4 0.0
4 0.0
4 0.0
4 0.0
4 0.0
4 0.0
4 0.0
4 0.0
4 0.0
4 0.0
4 0.0
4 0.0
4 0.0
4 0.0
4 0.0
4 0.0
4 0.0
4 56.41152770913762
4 0.0
4 0.0
4 0.0
4 0.0
4 0.0
4 0.0
4 0.0
4 95.67796065776159
4 0.0
4 0.0
4 0.0
4 0.0
4 0.0
4 0.0
4 0.0
4 0.0
4 26.869010705275823
4 0.0
4 0.0
4 0.0
4 0.0
4 0.0
4 0.0
4 0.0
4 0.0
4 0.0
4 51.743233376411936
4 0.0
4 0.0
4 0.0
4 0.0
4 0.0
4 0.0
4 0.0
4 23.606494294980845
4 0.0
4 0.0
4 0.0
4 29.318214845357453
4 0.0
4 0.0
4 0.0
4 0.0
4 0.0
4 0.0
4 0.0
4 0.0
4 31.076032294860894
4 0.0
4 0.0
4 0.0
4 0.0
4 0.0
4 0.0
5 0.0
5 0.0
5 0.0
5 0.0
5 0.0
5 47.463416282377096
5 0.0
5 22.97197099891869
5 0.0
5 0.0
5 0.0
5 0.0
5 0.0
5 23.237552582607336
5 0.0
5 0.0
5 0.0
5 0.0
5 0.0
5 0.0
5 57.94669594649002
5 0.0
5 0.0
5 0.0
5 0.0
5 0.0
5 0.0
5 0.0
5 0.0
5 0.0
5 0.0
5 0.0
5 38.359661611821366
5 0.0
5 0.0
5 0.0
5 0.0
5 0.0
5 29.107138980813577
5 0.0
5 0.0
5 0.0
5 0.0
5 53.65949408172173
5 0.0
5 0.0
5 0.0
5 0.0
5 0.0
5 0.0
5 0.0
5 35.97055489265755
5 0.0
5 0.0
5 0.0
5 0.0
5 0.0
5 0.0
5 0.0
5 0.0
5 0.0
5 0.0
5 47.40944267058037
5 0.0
5 0.0
5 0.0
5 0.0
5 0.0
5 35.817519850441904
5 0.0
5 0.0
5 0.0
5 0.0
5 0.0
5 0.0
5 0.0
5 0.0
5 29.424925005680656
5 0.0
5 0.0
5 0.0
5 0.0
5 0.0
5 0.0
5 61.88947499021609
5 0.0
5 0.0
5 0.0
5 0.0
5 0.0
5 0.0
5 0.0
5 0.0
5 86.06899039370387
5 0.0
5 0.0
5 0.0
5 0.0
5 47.31647839504428
5 0.0
5 0.0
5 36.22380298605332
5 0.0
5 0.0
5 0.0
5 0.0
5 0.0
5 0.0
5 0.0
5 0.0
5 0.0
5 0.0
5 0.0
5 0.0
5 0.0
5 0.0
5 0.0
5 0.0
5 0.0
5 0.0
5 0.0
5 0.0
5 0.0
5 0.0
5 0.0
5 0.0
5 0.0
5 0.0
5 0.0
5 0.0
5 22.3722594554177
5 0.0
5 0.0
5 0.0
5 145.8302686109854
5 0.0
5 0.0
5 0.0
5 0.0
5 0.0
5 0.0
5 0.0
5 0.0
5 0.0
5 182.36863227819333
5 0.0
5 0.0
5 0.0
5 128.4610683627245
5 0.0
5 0.0
5 0.0
5 78.00656292563991
5 0.0
5 191.92936052834935
5 0.0
5 0.0
5 0.0
5 73.56917281793281
5 0.0
5 0.0
5 52.217330947537775
5 0.0
5 0.0
5 0.0
5 0.0
5 0.0
5 41.40303851114192
5 0.0
5 0.0
5 0.0
5 0.0
5 149.97749515926893
5 0.0
5 0.0
5 0.0
5 0.0
5 0.0
5 0.0
5 0.0
5 0.0
5 0.0
5 0.0
5 0.0
5 0.0
5 0.0
5 0.0
5 0.0
5 0.0
5 0.0
5 0.0
5 20.1861757508346
5 0.0
5 0.0
5 0.0
5 0.0
5 0.0
5 0.0
5 0.0
5 48.16755031492051
5 0.0
5 63.252983410378754
5 0.0
5 0.0
5 0.0
5 0.0
5 0.0
5 0.0
5 20.83435742041644
5 0.0
5 0.0
5 0.0
5 0.0
5 0.0
5 0.0
5 0.0
5 98.2013602229402
5 0.0
5 0.0
5 0.0
5 0.0
5 0.0
5 0.0
5 0.0
5 0.0
5 0.0
5 0.0
5 0.0
5 0.0
5 0.0
5 0.0
5 30.949974657134483
5 0.0
5 0.0
5 0.0
5 0.0
5 0.0
5 35.77090879207035
5 0.0
5 40.6438865712688
5 0.0
5 0.0
5 0.0
5 0.0
5 0.0
5 0.0
5 0.0
5 0.0
5 63.57136343291312
5 0.0
5 0.0
5 0.0
5 0.0
5 0.0
5 0.0
5 0.0
5 0.0
5 0.0
5 0.0
5 0.0
5 0.0
5 0.0
5 20.918480545819342
5 0.0
5 0.0
5 0.0
5 0.0
5 0.0
5 0.0
5 0.0
6 0.0
6 0.0
6 0.0
6 0.0
6 0.0
6 0.0
6 29.066600269909145
6 0.0
6 0.0
6 0.0
6 0.0
6 0.0
6 0.0
6 0.0
6 0.0
6 0.0
6 20.167344886496245
6 0.0
6 0.0
6 0.0
6 0.0
6 0.0
6 0.0
6 0.0
6 0.0
6 86.0369536588981
6 0.0
6 0.0
6 0.0
6 0.0
6 0.0
6 29.570230991859745
6 0.0
6 0.0
6 0.0
6 0.0
6 0.0
6 0.0
6 0.0
6 0.0
6 0.0
6 0.0
6 0.0
6 0.0
6 0.0
6 0.0
6 0.0
6 0.0
6 0.0
6 0.0
6 0.0
6 0.0
6 94.7671795565086
6 0.0
6 0.0
6 0.0
6 0.0
6 0.0
6 0.0
6 0.0
6 0.0
6 0.0
6 33.13062157754596
6 0.0
6 0.0
6 0.0
6 0.0
6 0.0
6 0.0
6 0.0
6 0.0
6 0.0
6 0.0
6 0.0
6 0.0
6 0.0
6 0.0
6 0.0
6 67.2200314755097
6 0.0
6 0.0
6 0.0
6 0.0
6 0.0
6 0.0
6 0.0
6 0.0
6 0.0
6 0.0
6 0.0
6 24.448178930716082
6 0.0
6 0.0
6 0.0
6 0.0
6 0.0
6 0.0
6 0.0
6 0.0
6 0.0
6 0.0
6 0.0
6 129.78487186168195
6 0.0
6 0.0
6 0.0
6 0.0
6 0.0
6 0.0
6 0.0
6 0.0
6 27.732811909914016
6 0.0
6 0.0
6 0.0
6 0.0
6 0.0
6 63.74379451569142
6 0.0
6 0.0
6 0.0
6 0.0
6 0.0
6 0.0
6 0.0
6 0.0
6 0.0
6 0.0
6 0.0
6 0.0
6 0.0
6 0.0
6 0.0
6 0.0
6 0.0
6 0.0
6 0.0
6 0.0
6 0.0
6 114.4341279304558
6 0.0
6 0.0
6 0.0
6 0.0
6 0.0
6 0.0
6 0.0
6 0.0
6 0.0
6 0.0
6 0.0
6 0.0
6 0.0
6 0.0
6 0.0
6 0.0
6 0.0
6 0.0
6 0.0
6 0.0
6 0.0
6 0.0
6 0.0
6 37.599381841608604
6 0.0
6 0.0
6 0.0
6 0.0
6 0.0
6 0.0
6 0.0
6 88.14833123732123
6 0.0
6 0.0
6 0.0
6 0.0
6 0.0
6 0.0
6 0.0
6 0.0
6 0.0
6 0.0
6 0.0
6 0.0
6 0.0
6 32.192147513292156
6 0.0
6 63.905242134270374
6 0.0
6 0.0
6 0.0
6 0.0
6 0.0
6 0.0
6 0.0
6 0.0
6 0.0
6 0.0
6 0.0
6 0.0
6 0.0
6 0.0
6 0.0
6 0.0
6 0.0
6 0.0
6 0.0
6 0.0
6 0.0
6 0.0
6 25.53901496699437
6 0.0
6 0.0
6 0.0
6 0.0
6 0.0
6 0.0
6 0.0
6 0.0
6 0.0
6 76.19835353188793
6 0.0
6 0.0
6 0.0
6 0.0
6 0.0
6 0.0
6 0.0
6 0.0
6 0.0
6 0.0
6 0.0
6 56.60873937250076
6 0.0
6 0.0
6 0.0
6 0.0
6 0.0
6 0.0
6 0.0
6 0.0
6 36.4747770946162
6 0.0
6 0.0
6 0.0
6 0.0
6 0.0
6 0.0
6 0.0
6 0.0
6 0.0
6 0.0
6 0.0
6 0.0
6 0.0
6 0.0
6 0.0
6 0.0
6 0.0
6 0.0
6 0.0
6 78.64070138043606
6 0.0
6 0.0
6 0.0
6 0.0
6 0.0
6 30.33548697040927
6 0.0
6 0.0
6 0.0
6 0.0
6 0.0
6 0.0
6 0.0
6 0.0
6 0.0
6 0.0
6 50.66646588604782
6 0.0
6 0.0
6 0.0
6 0.0
6 0.0
6 0.0
6 0.0
6 0.0
6 0.0
6 0.0
6 0.0
6 0.0
6 0.0
6 0.0
6 0.0
6 0.0
6 0.0
6 0.0
6 0.0
6 49.92052885588364
6 0.0
6 0.0
6 55.461053509945124
6 0.0
6 0.0
6 0.0
6 0.0
6 0.0
6 0.0
6 0.0
6 0.0
6 0.0
6 0.0
6 0.0
6 0.0
6 0.0
6 0.0
6 0.0
6 0.0
6 0.0
6 40.61469288481853
6 0.0
6 0.0
6 0.0
6 0.0
6 0.0
6 0.0
6 0.0
6 0.0
6 102.00993968103663
6 0.0
6 0.0
6 0.0
6 0.0
6 0.0
6 0.0
6 0.0
6 0.0
6 0.0
6 0.0
6 0.0
6 0.0
6 0.0
6 22.71905471711456
6 0.0
6 0.0
6 0.0
6 0.0
6 0.0
6 0.0
6 0.0
6 69.23795455105333
6 0.0
6 0.0
6 0.0
6 0.0
6 0.0
6 0.0
6 0.0
6 0.0
6 52.282812500502594
6 0.0
6 0.0
6 0.0
6 0.0
6 0.0
6 0.0
6 0.0
6 0.0
6 0.0
6 0.0
6 0.0
6 0.0
6 0.0
6 0.0
6 0.0
6 0.0
6 0.0
6 0.0
6 0.0
6 73.96953169809004
6 0.0
6 0.0
6 0.0
6 0.0
6 0.0
6 0.0
6 0.0
6 0.0
6 0.0
6 0.0
6 0.0
6 0.0
6 0.0
6 0.0
6 0.0
6 54.650042848476
6 0.0
6 0.0
6 0.0
6 0.0
6 37.113229326245495
6 0.0
6 0.0
6 0.0
6 0.0
6 27.105852301110698
6 0.0
6 0.0
6 0.0
6 0.0
6 0.0
6 0.0
6 0.0
6 0.0
6 0.0
6 30.232006674245596
6 0.0
6 0.0
6 0.0
6 30.93697108112791
6 0.0
6 0.0
6 0.0
6 0.0
6 32.305756022196846
6 0.0
6 0.0
6 0.0
6 0.0
6 0.0
6 0.0
6 52.98438865926466
6 0.0
6 0.0
6 0.0
6 20.6116114797046
6 0.0
6 0.0
6 0.0
6 0.0
6 63.07833387764084
6 0.0
6 0.0
6 0.0
6 0.0
6 0.0
6 0.0
6 0.0
6 0.0
6 0.0
6 0.0
6 0.0
6 0.0
6 0.0
6 0.0
6 0.0
6 0.0
6 24.1542949212922
6 0.0
6 0.0
6 0.0
6 0.0
6 0.0
6 0.0
6 0.0
6 0.0
6 0.0
6 0.0
6 91.08215291342701
6 0.0
6 0.0
6 0.0
6 0.0
6 0.0
6 65.1937084397659
6 0.0
6 57.27215228389755
6 0.0
6 0.0
6 21.474808475445375
6 0.0
6 0.0
6 0.0
6 0.0
6 0.0
6 0.0
6 0.0
6 0.0
6 0.0
6 232.35215821840004
6 0.0
6 0.0
6 48.00091551267184
6 0.0
6 0.0
6 0.0
6 0.0
6 143.90850977757714
6 0.0
6 0.0
6 0.0
6 0.0
6 0.0
6 0.0
6 172.3587276965346
6 0.0
6 0.0
6 0.0
6 130.45614852127645
6 0.0
6 0.0
6 0.0
6 0.0
6 0.0
6 0.0
6 0.0
6 0.0
6 0.0
6 0.0
6 0.0
6 0.0
6 39.643864111226684
6 0.0
6 0.0
6 0.0
6 0.0
6 0.0
6 0.0
6 0.0
6 0.0
6 0.0
6 104.82868925415093
6 0.0
6 54.135141548781775
6 0.0
6 0.0
6 0.0
6 0.0
6 0.0
6 0.0
6 0.0
6 29.474578277737486
6 0.0
6 0.0
6 33.54456252731678
6 0.0
6 0.0
6 0.0
6 0.0
6 0.0
6 0.0
6 0.0
6 0.0
6 41.85743124787236
6 0.0
6 0.0
6 95.27872831366035
6 0.0
6 0.0
6 0.0
6 0.0
6 35.17699688689905
6 0.0
6 0.0
6 0.0
6 0.0
6 0.0
6 0.0
6 24.572460472128775
6 0.0
6 0.0
6 0.0
6 0.0
6 0.0
6 0.0
6 0.0
6 0.0
6 0.0
6 0.0
6 0.0
6 0.0
6 0.0
6 0.0
6 0.0
6 0.0
6 0.0
6 72.51053449110138
6 0.0
6 0.0
6 0.0
6 0.0
6 0.0
6 0.0
6 0.0
6 0.0
6 0.0
6 0.0
6 0.0
6 0.0
6 0.0
6 0.0
6 0.0
6 0.0
6 0.0
6 33.34972518990063
6 0.0
6 0.0
6 22.380705554144722
6 0.0
6 0.0
6 0.0
6 0.0
6 92.39390625923302
6 0.0
6 0.0
6 0.0
6 0.0
6 0.0
6 0.0
6 0.0
6 0.0
6 0.0
6 20.290067792676158
6 0.0
6 0.0
6 0.0
6 0.0
6 0.0
6 0.0
6 0.0
6 0.0
6 64.38590442544162
6 0.0
6 0.0
6 0.0
6 24.925310007294904
6 0.0
6 0.0
6 0.0
6 0.0
6 0.0
6 0.0
6 0.0
6 33.55678976685253
6 0.0
6 0.0
6 0.0
6 0.0
6 0.0
6 0.0
6 0.0
6 0.0
6 0.0
6 0.0
6 0.0
6 0.0
6 0.0
6 0.0
6 0.0
6 0.0
6 0.0
6 0.0
6 0.0
6 0.0
6 0.0
6 0.0
6 0.0
6 0.0
6 0.0
6 0.0
6 0.0
6 0.0
6 0.0
6 0.0
6 0.0
6 28.88836092873225
6 0.0
6 0.0
6 0.0
6 0.0
6 0.0
6 0.0
6 154.0586666055859
6 0.0
6 0.0
6 0.0
6 0.0
6 0.0
6 0.0
6 0.0
6 0.0
6 0.0
6 0.0
6 0.0
6 0.0
6 0.0
6 0.0
6 58.25257972593462
6 0.0
6 0.0
6 21.504702251124126
6 0.0
6 0.0
6 0.0
6 0.0
6 45.123481871304165
6 0.0
6 0.0
6 0.0
6 0.0
6 0.0
6 0.0
6 28.75348273190585
6 0.0
6 0.0
6 0.0
6 0.0
6 0.0
6 0.0
6 0.0
6 0.0
6 0.0
6 0.0
6 0.0
6 38.48717821457169
6 0.0
6 0.0
6 0.0
6 47.87563945488496
6 0.0
6 0.0
6 0.0
6 0.0
6 0.0
6 0.0
6 35.98909218617658
6 0.0
6 0.0
6 0.0
6 0.0
6 0.0
6 0.0
6 0.0
6 0.0
6 0.0
6 0.0
6 0.0
6 98.20191995864168
6 0.0
6 0.0
6 0.0
6 0.0
6 0.0
6 0.0
6 0.0
6 0.0
6 0.0
6 0.0
6 0.0
6 0.0
6 0.0
6 0.0
6 0.0
6 26.384418652245873
6 0.0
6 0.0
6 0.0
6 0.0
6 0.0
6 0.0
6 0.0
6 0.0
6 0.0
6 0.0
6 38.30245199075258
6 0.0
6 0.0
6 0.0
6 0.0
6 57.24303019031362
6 0.0
6 0.0
6 0.0
6 67.29749140969973
6 0.0
6 0.0
6 0.0
6 0.0
6 0.0
6 0.0
6 37.62578578670649
6 0.0
6 0.0
6 0.0
6 0.0
6 0.0
6 0.0
6 0.0
6 0.0
6 0.0
6 0.0
6 0.0
6 0.0
6 0.0
6 0.0
6 51.0154020732775
6 0.0
6 0.0
6 0.0
6 0.0
6 0.0
6 20.113014432321112
6 0.0
6 0.0
6 0.0
6 0.0
6 0.0
6 40.76441498527372
6 0.0
6 0.0
6 0.0
6 0.0
6 0.0
6 23.294673009451184
6 0.0
6 0.0
6 0.0
6 0.0
6 0.0
6 0.0
6 0.0
6 0.0
6 0.0
6 58.75224969641447
6 0.0
6 0.0
6 0.0
6 0.0
6 0.0
6 0.0
6 28.546600967866404
6 0.0
6 0.0
6 0.0
6 0.0
6 129.32643697277956
6 0.0
6 0.0
6 0.0
6 0.0
6 0.0
6 0.0
6 0.0
6 0.0
6 0.0
6 0.0
6 0.0
6 0.0
6 0.0
6 0.0
6 0.0
6 0.0
6 0.0
6 0.0
6 0.0
6 0.0
6 0.0
6 0.0
6 0.0
6 0.0
6 51.79288298416138
6 0.0
6 0.0
6 0.0
6 0.0
6 0.0
6 0.0
6 0.0
6 0.0
6 0.0
6 0.0
6 0.0
6 58.20582846708076
6 0.0
6 0.0
6 0.0
6 0.0
6 0.0
6 0.0
6 0.0
6 0.0
6 0.0
6 0.0
6 0.0
6 0.0
6 0.0
6 0.0
6 0.0
6 0.0
6 36.73083393765192
6 0.0
6 0.0
6 0.0
6 0.0
6 0.0
6 0.0
6 0.0
6 0.0
6 0.0
6 0.0
6 32.281140658948516
6 0.0
6 0.0
6 28.27359778477049
6 0.0
6 0.0
6 0.0
6 0.0
6 0.0
6 0.0
6 0.0
6 0.0
6 38.518553311144544
6 0.0
6 0.0
6 0.0
6 0.0
6 0.0
6 0.0
6 0.0
6 0.0
6 0.0
6 0.0
6 0.0
6 0.0
6 71.46288118387263
6 0.0
6 0.0
6 22.90299774948701
6 0.0
6 28.730698298107495
6 0.0
6 0.0
6 0.0
6 0.0
6 0.0
6 0.0
6 0.0
6 0.0
6 67.86371387842405
6 0.0
6 0.0
6 0.0
6 0.0
6 0.0
6 0.0
6 0.0
6 0.0
6 0.0
6 0.0
6 0.0
6 0.0
6 73.5739496034398
6 0.0
6 0.0
6 0.0
6 0.0
6 0.0
6 0.0
6 0.0
6 20.516897508812324
6 0.0
6 0.0
6 0.0
6 0.0
6 0.0
6 0.0
6 0.0
6 0.0
6 0.0
6 0.0
6 0.0
6 0.0
6 0.0
6 0.0
6 0.0
6 22.026945274229085
6 0.0
6 22.85157858440817
6 0.0
6 25.790256906958188
6 0.0
6 0.0
6 0.0
6 0.0
6 0.0
6 0.0
6 0.0
6 27.280560937307285
6 0.0
6 0.0
6 0.0
6 51.18794078243022
6 0.0
6 0.0
6 33.49589655275698
6 0.0
6 0.0
6 0.0
6 0.0
6 0.0
6 0.0
6 0.0
6 0.0
6 80.97811888714607
6 0.0
6 0.0
6 0.0
6 0.0
6 0.0
6 0.0
6 0.0
6 0.0
6 0.0
6 0.0
6 0.0
6 0.0
6 0.0
6 0.0
6 0.0
6 0.0
6 0.0
6 0.0
6 0.0
6 0.0
6 0.0
6 0.0
6 47.27335440428941
6 0.0
6 54.962970301677174
6 0.0
6 0.0
6 0.0
6 0.0
6 0.0
6 0.0
6 0.0
6 0.0
6 30.68042735438193
6 0.0
6 0.0
6 0.0
6 0.0
6 0.0
6 0.0
6 0.0
6 0.0
6 92.40942433778991
6 0.0
6 0.0
6 0.0
6 0.0
6 0.0
6 0.0
6 0.0
6 0.0
6 0.0
6 0.0
6 0.0
6 0.0
6 0.0
6 0.0
6 0.0
6 42.01835454694268
6 0.0
6 0.0
6 0.0
6 0.0
6 0.0
6 0.0
6 0.0
6 31.506084600940156
6 0.0
6 0.0
6 0.0
6 0.0
6 0.0
6 0.0
6 0.0
6 0.0
7 0.0
7 0.0
7 0.0
7 0.0
7 0.0
7 0.0
7 0.0
7 44.07636205252115
7 0.0
7 0.0
7 0.0
7 0.0
7 0.0
7 0.0
7 27.74399392079499
7 0.0
7 0.0
7 0.0
7 0.0
7 0.0
7 0.0
7 0.0
7 0.0
7 66.11730940160353
7 0.0
7 0.0
7 0.0
7 33.841267622543015
7 0.0
7 0.0
7 0.0
7 0.0
7 0.0
7 0.0
7 0.0
7 0.0
7 0.0
7 0.0
7 0.0
7 0.0
7 0.0
7 0.0
7 0.0
7 0.0
7 0.0
7 60.985345061216876
7 0.0
7 0.0
7 0.0
7 0.0
7 0.0
7 0.0
7 0.0
7 25.462084992393773
7 0.0
7 0.0
7 42.808165098284626
7 0.0
7 0.0
7 32.086595068525334
7 0.0
7 0.0
7 0.0
7 0.0
7 21.069733821815294
7 0.0
7 0.0
7 0.0
7 0.0
7 0.0
7 0.0
7 0.0
7 46.98075346269173
7 0.0
7 0.0
7 0.0
7 72.98120296905186
7 0.0
7 0.0
7 21.6345351593835
7 0.0
7 0.0
7 0.0
7 0.0
7 0.0
7 0.0
7 0.0
7 0.0
7 0.0
7 0.0
7 0.0
7 0.0
7 112.0168830509539
7 0.0
7 0.0
7 30.235781551450057
7 0.0
7 0.0
7 0.0
7 0.0
7 109.85274600661563
7 0.0
7 0.0
7 0.0
7 0.0
7 152.68577964194563
7 0.0
7 0.0
7 0.0
7 212.58643699897516
7 0.0
7 0.0
7 0.0
7 0.0
7 0.0
7 0.0
7 20.37773242912122
7 0.0
7 0.0
7 116.39388027020482
7 0.0
7 0.0
7 0.0
7 0.0
7 0.0
7 0.0
7 0.0
7 0.0
7 0.0
7 0.0
7 32.98937249320677
7 0.0
7 0.0
7 23.18309051019174
7 0.0
7 0.0
7 40.643281156246275
7 0.0
7 0.0
7 31.690195603370668
7 0.0
7 0.0
7 0.0
7 0.0
7 0.0
7 0.0
7 48.8014007460141
7 0.0
7 0.0
7 0.0
7 0.0
7 0.0
7 0.0
7 0.0
7 0.0
7 0.0
7 0.0
7 49.315053090317505
7 0.0
7 0.0
7 0.0
7 89.76736244737828
7 0.0
7 0.0
7 0.0
7 0.0
7 0.0
7 0.0
7 0.0
7 0.0
7 0.0
7 0.0
7 0.0
7 0.0
7 0.0
7 0.0
7 0.0
7 0.0
7 0.0
7 0.0
7 0.0
7 0.0
7 0.0
7 0.0
7 73.77466994658661
7 0.0
7 0.0
7 0.0
7 0.0
7 0.0
7 0.0
7 0.0
7 25.9529883469735
7 0.0
7 0.0
7 0.0
7 0.0
7 68.17414429857226
7 0.0
7 0.0
7 0.0
7 0.0
7 0.0
7 0.0
7 0.0
7 0.0
7 0.0
7 0.0
7 0.0
7 0.0
7 0.0
7 0.0
7 61.93274675355255
7 0.0
7 41.0816937563895
7 0.0
7 0.0
7 0.0
7 0.0
7 0.0
7 0.0
7 0.0
7 0.0
7 0.0
7 0.0
7 0.0
7 0.0
7 0.0
7 0.0
7 0.0
7 0.0
7 0.0
7 0.0
7 35.489587384471086
7 0.0
7 0.0
7 0.0
7 0.0
7 0.0
7 0.0
7 0.0
7 0.0
7 0.0
7 0.0
7 0.0
7 0.0
7 0.0
7 0.0
7 136.25371441716356
7 0.0
7 0.0
7 0.0
7 20.545057563468664
7 0.0
7 0.0
7 0.0
7 0.0
7 0.0
7 64.09391149759293
7 0.0
7 0.0
7 0.0
7 0.0
7 0.0
7 0.0
7 0.0
7 0.0
7 0.0
7 0.0
7 0.0
7 0.0
7 0.0
7 0.0
7 0.0
7 0.0
7 0.0
7 0.0
7 0.0
7 0.0
7 0.0
7 35.33203281863461
7 0.0
7 61.313112667791856
7 0.0
7 0.0
7 0.0
7 0.0
7 0.0
7 0.0
7 0.0
7 0.0
7 0.0
7 0.0
7 0.0
7 0.0
7 0.0
7 0.0
7 27.35046100533957
7 0.0
7 0.0
7 0.0
7 0.0
7 0.0
7 0.0
7 0.0
7 0.0
7 0.0
7 0.0
7 0.0
7 0.0
7 0.0
7 0.0
7 0.0
7 0.0
7 20.559315898016827
7 0.0
7 0.0
7 0.0
7 0.0
7 0.0
7 0.0
7 0.0
7 0.0
7 0.0
7 0.0
7 0.0
7 86.65808656380963
7 0.0
7 0.0
7 0.0
7 0.0
7 0.0
7 0.0
7 0.0
7 20.084810552541274
7 0.0
7 0.0
7 0.0
7 0.0
7 65.32160036293372
7 0.0
7 0.0
7 0.0
7 0.0
7 27.677037501988345
7 0.0
7 0.0
7 0.0
7 0.0
7 0.0
7 0.0
7 0.0
7 0.0
7 0.0
7 0.0
7 0.0
7 79.53839323255751
7 0.0
7 20.250040875272713
7 0.0
7 0.0
7 0.0
7 59.414544349719
7 0.0
7 0.0
7 0.0
7 0.0
7 0.0
7 0.0
7 0.0
7 0.0
7 0.0
7 0.0
7 0.0
7 0.0
7 0.0
7 0.0
7 20.438004442020855
7 0.0
7 0.0
7 0.0
7 26.067808426891848
7 0.0
7 0.0
7 0.0
7 0.0
7 0.0
7 0.0
7 0.0
7 23.64167198211574
7 0.0
7 0.0
7 37.40943291032656
7 0.0
7 26.805845474006798
7 0.0
7 0.0
7 0.0
7 23.78518694092613
7 0.0
7 0.0
7 0.0
7 0.0
7 0.0
7 0.0
7 0.0
7 0.0
7 0.0
7 0.0
7 0.0
7 0.0
7 0.0
7 0.0
7 64.72128243009598
7 0.0
7 0.0
7 0.0
7 0.0
7 0.0
7 0.0
7 41.8367513264829
7 0.0
7 0.0
7 0.0
7 60.17121997557376
7 0.0
7 0.0
7 0.0
7 0.0
7 0.0
7 0.0
7 0.0
7 0.0
7 0.0
7 0.0
7 0.0
7 0.0
7 0.0
7 0.0
7 0.0
7 0.0
7 0.0
7 0.0
7 0.0
7 0.0
7 0.0
7 0.0
7 0.0
7 0.0
7 0.0
7 0.0
7 0.0
7 0.0
7 25.13204981940133
7 0.0
7 0.0
7 0.0
7 0.0
7 0.0
7 0.0
7 0.0
7 0.0
7 0.0
7 24.31365736918663
7 0.0
7 0.0
7 21.194543979809445
7 0.0
7 0.0
7 0.0
7 0.0
7 0.0
7 0.0
7 0.0
7 0.0
7 56.19568795247457
7 0.0
7 0.0
7 0.0
7 0.0
7 0.0
7 0.0
7 0.0
7 0.0
7 0.0
7 0.0
7 0.0
7 21.931013199872588
7 0.0
7 0.0
7 0.0
7 0.0
7 0.0
7 0.0
7 0.0
7 0.0
7 82.26787756496388
7 0.0
7 0.0
7 0.0
7 0.0
7 0.0
7 0.0
7 0.0
7 30.713560625658197
7 0.0
7 0.0
7 0.0
7 0.0
7 0.0
7 0.0
7 0.0
7 0.0
7 0.0
7 0.0
7 35.4579649046297
7 0.0
7 0.0
7 0.0
7 0.0
7 26.80653247458457
7 0.0
7 0.0
7 0.0
7 0.0
7 0.0
7 0.0
7 0.0
7 0.0
7 0.0
7 0.0
7 0.0
7 0.0
7 0.0
7 0.0
7 0.0
7 0.0
7 0.0
7 0.0
7 0.0
7 30.92225915059203
7 0.0
7 0.0
7 26.371117181208714
7 0.0
7 0.0
7 0.0
7 0.0
7 0.0
7 0.0
7 0.0
7 0.0
7 0.0
7 0.0
7 0.0
7 48.77139242864718
7 0.0
7 0.0
7 0.0
7 0.0
7 0.0
7 0.0
8 0.0
8 0.0
8 0.0
8 0.0
8 0.0
8 0.0
8 0.0
8 0.0
8 26.733170767299466
8 0.0
8 0.0
8 0.0
8 0.0
8 0.0
8 0.0
8 0.0
8 53.03861172176666
8 0.0
8 0.0
8 0.0
8 0.0
8 0.0
8 0.0
8 0.0
8 0.0
8 0.0
8 0.0
8 0.0
8 0.0
8 0.0
8 42.64221066839592
8 0.0
8 0.0
8 29.026190084054928
8 0.0
8 0.0
8 0.0
8 0.0
8 0.0
8 0.0
8 0.0
8 0.0
8 0.0
8 0.0
8 0.0
8 0.0
8 0.0
8 0.0
8 0.0
8 0.0
8 0.0
8 113.29205640661083
8 0.0
8 0.0
8 0.0
8 0.0
8 39.56951218801662
8 0.0
8 0.0
8 0.0
8 0.0
8 0.0
8 0.0
8 0.0
8 0.0
8 0.0
8 0.0
8 0.0
8 0.0
8 38.08074411098774
8 0.0
8 0.0
8 0.0
8 0.0
8 0.0
8 0.0
8 0.0
8 0.0
8 0.0
8 0.0
8 41.914398264051314
8 0.0
8 0.0
8 0.0
8 0.0
8 0.0
8 0.0
8 55.16601849459255
8 0.0
8 0.0
8 0.0
8 0.0
8 0.0
8 0.0
8 21.272659013928543
8 0.0
8 0.0
8 0.0
8 0.0
8 0.0
8 0.0
8 0.0
8 0.0
8 0.0
8 0.0
8 0.0
8 32.19509993559405
8 0.0
8 0.0
8 0.0
8 0.0
8 0.0
8 0.0
8 0.0
8 0.0
8 0.0
8 0.0
8 0.0
8 0.0
8 0.0
8 0.0
8 0.0
8 0.0
8 0.0
8 0.0
8 0.0
8 0.0
8 0.0
8 0.0
8 0.0
8 0.0
8 0.0
8 85.26683166740335
8 0.0
8 0.0
8 0.0
8 0.0
8 0.0
8 0.0
8 0.0
8 27.965244542342454
8 0.0
8 0.0
8 0.0
8 34.87032117094208
8 0.0
8 0.0
8 0.0
8 0.0
8 0.0
8 0.0
8 0.0
8 0.0
8 0.0
8 0.0
8 0.0
8 0.0
8 53.69737821378206
8 0.0
8 0.0
8 0.0
8 0.0
8 31.82368384844274
8 0.0
8 0.0
8 0.0
8 0.0
8 34.71603910834195
8 0.0
8 0.0
8 0.0
8 0.0
8 0.0
8 0.0
8 0.0
8 31.494953593306654
8 0.0
8 0.0
8 0.0
8 0.0
8 0.0
8 0.0
8 25.027997720581002
8 0.0
8 0.0
8 0.0
8 63.664843450173244
8 0.0
8 0.0
8 0.0
8 26.72574951247755
8 0.0
8 0.0
8 0.0
8 0.0
8 0.0
8 0.0
8 51.828343677024044
8 0.0
8 0.0
8 0.0
8 0.0
8 0.0
8 0.0
8 0.0
8 23.019596515336627
8 0.0
8 0.0
8 0.0
8 0.0
8 33.07668910248169
8 0.0
8 0.0
8 0.0
8 49.62363405409809
8 0.0
8 0.0
8 47.843894693377145
8 0.0
8 0.0
8 0.0
8 0.0
8 0.0
8 0.0
8 0.0
8 0.0
8 54.0462546003727
8 0.0
8 0.0
8 0.0
8 0.0
8 0.0
8 0.0
8 0.0
8 0.0
8 0.0
8 0.0
8 0.0
8 0.0
8 0.0
8 0.0
8 0.0
8 0.0
8 0.0
8 0.0
8 0.0
8 0.0
8 0.0
8 0.0
8 0.0
8 0.0
8 0.0
8 52.55517780764961
8 0.0
8 0.0
8 0.0
8 23.095892600696104
8 0.0
8 0.0
8 0.0
8 0.0
8 0.0
8 0.0
8 0.0
8 58.85470034083504
8 0.0
8 0.0
8 0.0
8 0.0
8 0.0
8 0.0
8 0.0
8 36.57929102625558
8 0.0
8 0.0
8 0.0
8 0.0
8 0.0
8 0.0
8 54.63808328350969
8 0.0
8 0.0
8 0.0
8 0.0
8 0.0
8 0.0
8 0.0
8 50.26611664181664
8 0.0
8 0.0
8 0.0
8 0.0
8 0.0
8 0.0
8 0.0
8 63.23077982942213
8 0.0
8 0.0
8 0.0
8 0.0
8 0.0
8 0.0
8 0.0
8 35.12047362155059
8 0.0
8 0.0
8 0.0
8 0.0
8 0.0
8 0.0
8 0.0
8 0.0
8 0.0
8 0.0
8 0.0
8 0.0
8 0.0
8 0.0
8 110.81568966267548
8 0.0
8 0.0
8 0.0
8 0.0
8 0.0
8 26.006115823714687
8 0.0
8 0.0
8 0.0
8 26.92871508487435
8 0.0
8 0.0
8 28.627354081525368
8 0.0
8 0.0
8 0.0
8 63.646404832825624
8 0.0
8 0.0
8 0.0
8 0.0
8 0.0
8 0.0
8 53.85205729822343
8 0.0
8 0.0
8 0.0
8 0.0
8 0.0
8 0.0
8 0.0
8 219.84842277975645
8 0.0
8 0.0
8 0.0
8 0.0
8 148.11771688596502
8 0.0
8 0.0
8 45.541830016471245
8 0.0
8 0.0
8 0.0
8 0.0
8 0.0
8 0.0
8 119.58643072261367
8 0.0
8 0.0
8 0.0
8 0.0
8 0.0
8 0.0
8 40.01040531476774
8 0.0
8 0.0
8 0.0
8 0.0
8 42.08811039525622
8 0.0
8 0.0
8 0.0
8 0.0
8 0.0
8 0.0
8 0.0
8 23.960705621656018
8 0.0
8 0.0
8 0.0
8 82.93575554666985
8 0.0
8 0.0
8 0.0
8 0.0
8 0.0
8 0.0
8 0.0
8 0.0
8 0.0
8 0.0
8 0.0
8 0.0
8 0.0
8 0.0
8 0.0
8 23.7675391507328
8 0.0
8 0.0
8 30.495096268477262
8 0.0
8 0.0
8 0.0
8 24.945635520225636
8 0.0
8 0.0
8 0.0
8 0.0
8 0.0
8 0.0
8 43.82051758132976
8 0.0
8 0.0
8 0.0
8 0.0
8 0.0
8 0.0
8 37.453310436045626
8 0.0
8 0.0
8 0.0
8 0.0
8 0.0
8 0.0
8 0.0
8 45.904661073189445
8 0.0
8 0.0
8 0.0
8 0.0
9 0.0
9 0.0
9 0.0
9 0.0
9 0.0
9 0.0
9 0.0
9 23.84688974887013
9 0.0
9 0.0
9 0.0
9 0.0
9 0.0
9 0.0
9 0.0
9 0.0
9 52.58479120893695
9 0.0
9 0.0
9 0.0
9 0.0
9 0.0
9 0.0
9 27.77736768809232
9 0.0
9 0.0
9 0.0
9 0.0
9 0.0
9 0.0
9 0.0
9 0.0
9 0.0
9 22.075213899308253
9 0.0
9 0.0
9 0.0
9 0.0
9 0.0
9 0.0
9 71.14840713814844
9 0.0
9 0.0
9 0.0
9 0.0
9 0.0
9 0.0
9 0.0
9 0.0
9 0.0
9 0.0
9 0.0
9 0.0
9 0.0
9 0.0
9 0.0
9 44.17962437632216
9 0.0
9 0.0
9 0.0
9 0.0
9 0.0
9 0.0
9 0.0
9 0.0
9 0.0
9 0.0
9 0.0
9 0.0
9 0.0
9 0.0
9 0.0
9 22.137682211174155
9 0.0
9 28.463822547909167
9 0.0
9 27.392772168301523
9 0.0
9 0.0
9 0.0
9 0.0
9 0.0
9 0.0
9 0.0
9 0.0
9 0.0
9 0.0
9 59.05799162269819
9 0.0
9 0.0
9 0.0
9 52.37315224487416
9 0.0
9 0.0
9 0.0
9 0.0
9 0.0
9 0.0
9 0.0
9 41.80659106868414
9 0.0
9 28.053328005198775
9 0.0
9 0.0
9 0.0
9 0.0
9 0.0
9 43.112489842401466
9 0.0
9 0.0
9 0.0
9 0.0
9 0.0
9 0.0
9 0.0
9 0.0
9 0.0
9 0.0
9 0.0
9 0.0
9 0.0
9 0.0
9 57.43103084924086
9 0.0
9 0.0
9 0.0
9 51.859031690250745
9 0.0
9 0.0
9 0.0
9 0.0
9 0.0
9 0.0
9 0.0
9 0.0
9 0.0
9 0.0
9 0.0
9 0.0
9 27.501876799136582
9 0.0
9 0.0
9 0.0
9 0.0
9 0.0
9 0.0
9 0.0
9 76.01748951852034
9 0.0
9 0.0
9 0.0
9 0.0
9 0.0
9 0.0
9 0.0
9 0.0
9 0.0
9 0.0
9 0.0
9 0.0
9 0.0
9 0.0
9 0.0
9 0.0
9 99.4810508745853
9 0.0
9 0.0
9 0.0
9 0.0
9 0.0
9 0.0
9 0.0
9 0.0
9 0.0
9 0.0
9 0.0
9 0.0
9 0.0
9 0.0
9 0.0
9 0.0
9 0.0
9 0.0
9 0.0
9 0.0
9 0.0
9 0.0
9 0.0
9 0.0
9 0.0
9 0.0
9 0.0
9 0.0
9 0.0
9 0.0
9 0.0
9 0.0
9 26.1126679221251
9 0.0
9 0.0
9 0.0
9 0.0
9 0.0
9 48.55164290447078
9 0.0
9 0.0
9 0.0
9 0.0
9 0.0
9 84.94625736448101
9 0.0
9 0.0
9 0.0
9 0.0
9 0.0
9 0.0
9 0.0
9 0.0
9 0.0
9 0.0
9 0.0
9 0.0
9 0.0
9 26.0459950666657
9 0.0
9 0.0
9 0.0
9 0.0
9 0.0
9 0.0
9 0.0
9 0.0
9 0.0
9 0.0
9 33.391851195727156
9 0.0
9 0.0
9 0.0
9 0.0
9 0.0
9 0.0
9 0.0
9 0.0
9 0.0
9 0.0
9 0.0
9 0.0
9 0.0
9 0.0
9 0.0
9 0.0
9 100.24573039459825
9 0.0
9 0.0
9 0.0
9 0.0
9 0.0
9 0.0
9 0.0
9 0.0
9 48.304717832996
9 0.0
9 0.0
9 0.0
9 0.0
9 0.0
9 0.0
9 0.0
9 0.0
9 0.0
9 32.1518964742961
9 0.0
9 0.0
9 0.0
9 46.48550374817785
9 0.0
9 0.0
9 0.0
9 0.0
9 0.0
9 0.0
9 0.0
9 0.0
9 48.83612011789486
9 0.0
9 0.0
9 0.0
9 0.0
9 0.0
9 0.0
9 0.0
9 0.0
9 0.0
9 0.0
9 0.0
9 0.0
9 0.0
9 0.0
9 0.0
9 59.563954496935985
9 0.0
9 0.0
9 0.0
9 0.0
9 0.0
9 0.0
9 0.0
9 69.95765578626383
9 0.0
9 0.0
9 0.0
9 0.0
9 0.0
9 0.0
9 0.0
9 0.0
9 0.0
9 0.0
9 0.0
9 0.0
9 0.0
9 0.0
9 0.0
9 0.0
9 0.0
9 0.0
9 90.23265221714973
9 0.0
9 0.0
9 0.0
9 0.0
9 0.0
9 0.0
9 0.0
9 0.0
9 0.0
9 0.0
9 0.0
9 0.0
9 0.0
9 0.0
9 0.0
9 0.0
9 0.0
9 0.0
9 0.0
9 0.0
9 107.45393443672069
9 0.0
9 0.0
9 0.0
9 0.0
9 0.0
9 0.0
9 0.0
9 39.61439956660454
9 0.0
9 0.0
9 0.0
9 0.0
9 0.0
9 0.0
9 0.0
9 0.0
9 0.0
9 0.0
9 0.0
9 0.0
9 76.37912207454085
9 0.0
9 0.0
9 0.0
9 0.0
9 0.0
9 0.0
9 0.0
9 0.0
9 0.0
9 0.0
9 0.0
9 0.0
9 0.0
9 0.0
9 0.0
9 0.0
9 0.0
9 63.9098316005632
9 0.0
9 0.0
9 0.0
9 0.0
9 0.0
9 0.0
9 0.0
9 0.0
9 57.83244537489235
9 0.0
9 0.0
9 0.0
9 0.0
9 0.0
9 0.0
9 0.0
9 0.0
9 0.0
9 0.0
9 0.0
9 0.0
9 0.0
9 117.81913881149814
9 0.0
9 0.0
9 0.0
9 0.0
9 0.0
9 78.69705378563327
9 0.0
9 0.0
9 0.0
9 0.0
9 0.0
9 0.0
9 0.0
9 24.60458115495581
9 0.0
9 0.0
9 0.0
9 0.0
9 0.0
9 0.0
9 0.0
9 202.56889058419787
9 0.0
9 0.0
9 0.0
9 0.0
9 108.26024614812553
9 0.0
9 0.0
9 0.0
9 220.13341668807783
9 0.0
9 0.0
9 0.0
9 0.0
9 0.0
9 0.0
9 0.0
9 26.726497597791052
9 0.0
9 0.0
9 0.0
9 0.0
9 104.11927477146479
9 0.0
9 0.0
9 0.0
9 0.0
9 0.0
9 0.0
9 0.0
9 0.0
9 0.0
9 0.0
9 132.83196194247424
9 0.0
9 0.0
9 0.0
9 0.0
9 0.0
9 0.0
9 0.0
9 20.042862582465876
9 0.0
9 0.0
9 0.0
9 0.0
9 0.0
9 0.0
9 0.0
9 0.0
9 0.0
9 0.0
9 25.08624354495278
9 0.0
9 0.0
9 0.0
9 0.0
9 0.0
9 0.0
9 0.0
9 0.0
9 26.286725838442106
9 0.0
9 0.0
9 0.0
9 0.0
9 0.0
9 0.0
9 0.0
9 37.31906619398561
9 0.0
9 0.0
9 0.0
9 0.0
9 0.0
9 0.0
9 0.0
9 0.0
9 0.0
9 58.51042701447277
9 0.0
9 0.0
9 0.0
9 0.0
9 0.0
9 45.04575895311903
9 0.0
9 0.0
9 0.0
9 0.0
9 0.0
9 0.0
9 0.0
9 0.0
9 25.133206656413098
9 0.0
9 23.78120677089493
9 0.0
9 0.0
9 0.0
9 0.0
9 0.0
9 0.0
9 0.0
9 0.0
9 0.0
9 0.0
9 0.0
9 43.07874097996596
9 0.0
9 26.261101755441405
9 0.0
9 0.0
9 0.0
9 0.0
9 0.0
9 0.0
9 0.0
9 0.0
9 0.0
9 32.36070493966644
9 0.0
9 0.0
9 0.0
9 0.0
9 0.0
9 32.52376930907758
9 0.0
9 0.0
9 0.0
9 0.0
9 0.0
9 0.0
9 0.0
9 0.0
9 0.0
9 0.0
9 63.018742507196244
9 0.0
9 0.0
9 0.0
9 0.0
9 0.0
9 0.0
9 59.28890055558813
9 0.0
9 0.0
9 0.0
9 0.0
9 0.0
9 0.0
9 0.0
9 0.0
9 0.0
9 0.0
9 0.0
9 0.0
9 0.0
9 0.0
9 82.0514853217385
9 0.0
9 0.0
9 0.0
9 0.0
9 0.0
9 0.0
9 0.0
9 0.0
9 0.0
9 0.0
9 0.0
9 0.0
9 41.97869287889585
9 0.0
9 0.0
9 0.0
9 0.0
9 0.0
9 22.70757595492379
9 0.0
9 0.0
9 0.0
9 0.0
9 0.0
9 0.0
9 0.0
9 0.0
9 0.0
9 0.0
9 0.0
9 0.0
9 0.0
9 0.0
9 0.0
9 0.0
9 23.184187518326503
9 0.0
9 0.0
9 35.63175979572281
9 0.0
9 0.0
9 0.0
9 0.0
9 0.0
9 34.07410326321416
9 0.0
9 0.0
9 0.0
9 0.0
9 0.0
9 0.0
9 0.0
9 32.97010151301425
9 0.0
9 0.0
9 0.0
9 0.0
9 0.0
9 0.0
9 0.0
9 0.0
9 89.98074872041627
9 0.0
9 0.0
9 0.0
9 0.0
9 0.0
9 0.0
9 0.0
9 0.0
9 0.0
9 0.0
9 0.0
9 0.0
9 0.0
9 0.0
9 0.0
9 0.0
9 0.0
9 0.0
9 0.0
9 0.0
9 78.83525890462539
9 0.0
9 0.0
9 0.0
9 0.0
9 0.0
9 0.0
9 0.0
9 0.0
9 0.0
9 0.0
9 0.0
9 0.0
9 0.0
9 0.0
9 0.0
9 56.8875255340498
9 0.0
9 0.0
9 0.0
9 0.0
9 0.0
9 0.0
9 0.0
9 0.0
9 29.248271534688985
9 0.0
9 0.0
9 20.124548822641373
9 0.0
9 0.0
9 0.0
9 0.0
9 0.0
9 0.0
9 0.0
9 0.0
9 0.0
9 38.52956250297578
9 0.0
9 0.0
9 0.0
9 0.0
9 0.0
9 0.0
9 0.0
9 0.0
9 0.0
9 34.939272383397274
9 0.0
9 0.0
9 0.0
9 0.0
9 0.0
9 0.0
9 0.0
9 0.0
9 30.952521665367538
9 0.0
9 0.0
9 0.0
9 0.0
9 0.0
9 0.0
9 0.0
9 0.0
9 0.0
9 0.0
9 0.0
9 0.0
9 0.0
9 0.0
10 0.0
10 0.0
10 0.0
10 0.0
10 0.0
10 0.0
10 0.0
10 20.480118387678395
10 0.0
10 0.0
10 0.0
10 0.0
10 0.0
10 0.0
10 0.0
10 0.0
10 0.0
10 0.0
10 0.0
10 0.0
10 0.0
10 21.144631038326363
10 0.0
10 0.0
10 0.0
10 0.0
10 49.84378564689733
10 0.0
10 0.0
10 0.0
10 0.0
10 0.0
10 0.0
10 0.0
10 0.0
10 0.0
10 21.236914355145174
10 0.0
10 0.0
10 0.0
10 0.0
10 0.0
10 54.5031190644005
10 0.0
10 0.0
10 0.0
10 0.0
10 0.0
10 0.0
10 0.0
10 0.0
10 0.0
10 0.0
10 0.0
10 0.0
10 103.09572408731701
10 0.0
10 0.0
10 0.0
10 0.0
10 0.0
10 0.0
10 0.0
10 0.0
10 0.0
10 0.0
10 0.0
10 0.0
10 0.0
10 0.0
10 0.0
10 0.0
10 0.0
10 0.0
10 0.0
10 0.0
10 0.0
10 38.71080410699696
10 0.0
10 0.0
10 0.0
10 0.0
10 0.0
10 0.0
10 0.0
10 0.0
10 73.71168627057757
10 0.0
10 0.0
10 0.0
10 0.0
10 0.0
10 0.0
10 0.0
10 0.0
10 0.0
10 0.0
10 0.0
10 0.0
10 0.0
10 0.0
10 0.0
10 0.0
10 0.0
10 0.0
10 0.0
10 0.0
10 0.0
10 0.0
10 0.0
10 123.01993336810746
10 0.0
10 0.0
10 0.0
10 21.58592025886679
10 0.0
10 0.0
10 0.0
10 0.0
10 0.0
10 21.509511596542872
10 0.0
10 0.0
10 0.0
10 0.0
10 0.0
10 0.0
10 0.0
10 0.0
10 0.0
10 88.18606679605884
10 0.0
10 0.0
10 0.0
10 0.0
10 0.0
10 0.0
10 0.0
10 0.0
10 0.0
10 0.0
10 0.0
10 0.0
10 0.0
10 0.0
10 0.0
10 29.544093437647607
10 0.0
10 0.0
10 0.0
10 0.0
10 0.0
10 0.0
10 0.0
10 0.0
10 0.0
10 0.0
10 0.0
10 0.0
10 72.05424643951713
10 0.0
10 0.0
10 31.69867133654081
10 0.0
10 0.0
10 0.0
10 0.0
10 25.389502281329303
10 0.0
10 0.0
10 0.0
10 0.0
10 0.0
10 0.0
10 0.0
10 0.0
10 0.0
10 0.0
10 0.0
10 0.0
10 0.0
10 0.0
10 0.0
10 0.0
10 133.0836697818205
10 0.0
10 0.0
10 0.0
10 0.0
10 0.0
10 0.0
10 0.0
10 0.0
10 0.0
10 0.0
10 0.0
10 0.0
10 0.0
10 0.0
10 0.0
10 0.0
10 0.0
10 22.51787639774125
10 0.0
10 0.0
10 0.0
10 0.0
10 0.0
10 0.0
10 0.0
10 0.0
10 0.0
10 22.35684988591325
10 0.0
10 0.0
10 0.0
10 0.0
10 0.0
10 27.999582928447452
10 0.0
10 0.0
10 95.71310127572555
10 0.0
10 0.0
10 0.0
10 0.0
10 0.0
10 0.0
10 37.35456098260502
10 0.0
10 0.0
10 0.0
10 0.0
10 0.0
10 0.0
10 0.0
10 32.75118116219568
10 0.0
10 0.0
10 57.417421955879924
10 0.0
10 0.0
10 0.0
10 0.0
10 0.0
10 0.0
10 0.0
10 0.0
10 0.0
10 0.0
10 0.0
10 0.0
10 0.0
10 64.59569525010515
10 0.0
10 0.0
10 0.0
10 0.0
10 0.0
10 0.0
10 0.0
10 0.0
10 0.0
10 0.0
10 58.59023430267674
10 0.0
10 0.0
10 0.0
10 0.0
10 0.0
10 0.0
10 0.0
10 0.0
10 0.0
10 0.0
10 0.0
10 0.0
10 0.0
10 0.0
10 0.0
10 50.48952403797671
10 0.0
10 0.0
10 0.0
10 0.0
10 0.0
10 0.0
10 0.0
10 0.0
10 0.0
10 0.0
10 0.0
10 64.65314258983479
10 0.0
10 0.0
10 0.0
10 0.0
10 0.0
10 0.0
10 0.0
10 0.0
10 0.0
10 0.0
10 41.17019698746811
10 0.0
10 0.0
10 0.0
10 0.0
10 0.0
10 0.0
10 0.0
10 0.0
10 0.0
10 22.68268232144615
10 0.0
10 24.69914675476277
10 0.0
10 0.0
10 0.0
10 0.0
10 0.0
10 0.0
10 0.0
10 0.0
10 0.0
10 100.93444759501067
10 0.0
10 0.0
10 0.0
10 0.0
10 20.859518682318075
10 0.0
10 0.0
10 0.0
10 0.0
10 0.0
10 0.0
10 0.0
10 0.0
10 0.0
10 0.0
10 0.0
10 0.0
10 27.279000425420534
10 0.0
10 0.0
10 0.0
10 0.0
10 0.0
10 0.0
10 30.035269994330857
10 0.0
10 0.0
10 0.0
10 0.0
10 0.0
10 0.0
10 0.0
10 0.0
10 0.0
10 24.3900103835285
10 0.0
10 0.0
10 0.0
10 0.0
10 0.0
10 0.0
10 0.0
10 0.0
10 0.0
10 0.0
10 0.0
10 0.0
10 0.0
10 0.0
10 0.0
10 0.0
10 0.0
10 0.0
10 104.14688332321938
10 0.0
10 0.0
10 0.0
10 0.0
10 0.0
10 0.0
10 0.0
10 0.0
10 0.0
10 85.76275005731709
10 0.0
10 0.0
10 0.0
10 0.0
10 0.0
10 0.0
10 0.0
10 0.0
10 0.0
10 0.0
10 0.0
10 0.0
10 0.0
10 0.0
10 0.0
10 38.31055996993492
10 0.0
10 0.0
10 0.0
10 0.0
10 0.0
10 97.00834718147448
10 0.0
10 0.0
10 0.0
10 0.0
10 0.0
10 0.0
10 0.0
10 0.0
10 79.32579873579733
10 0.0
10 0.0
10 0.0
10 0.0
10 0.0
10 0.0
10 25.434437382141216
10 0.0
10 0.0
10 28.382222174027017
10 0.0
10 0.0
10 90.78021127090365
10 0.0
10 0.0
10 52.773314308426926
10 0.0
10 0.0
10 0.0
10 187.37110042981323
10 0.0
10 0.0
10 0.0
10 0.0
10 0.0
10 108.753486441476
10 0.0
10 0.0
10 0.0
10 0.0
10 0.0
10 0.0
10 0.0
10 45.900098097169554
10 0.0
10 0.0
10 0.0
10 95.92842306897819
10 0.0
10 0.0
10 0.0
10 0.0
10 0.0
10 0.0
10 0.0
10 0.0
10 0.0
10 0.0
10 0.0
10 0.0
10 109.90157684238477
10 0.0
10 0.0
10 0.0
10 0.0
10 0.0
10 0.0
10 0.0
10 0.0
10 0.0
10 0.0
10 24.735950793631496
10 0.0
10 56.00215227959564
10 0.0
10 0.0
10 0.0
10 0.0
10 0.0
10 0.0
10 0.0
10 0.0
10 0.0
10 0.0
10 0.0
10 0.0
10 111.13051152284118
10 0.0
10 0.0
10 0.0
10 29.74791241004307
10 0.0
10 0.0
10 0.0
10 0.0
10 0.0
10 0.0
10 0.0
10 0.0
10 0.0
10 0.0
10 0.0
10 0.0
10 0.0
10 0.0
10 0.0
10 23.7776268391061
10 0.0
10 0.0
10 0.0
10 48.97608728065948
10 0.0
10 24.299033827251858
10 0.0
10 0.0
10 0.0
10 0.0
10 0.0
10 0.0
10 0.0
10 0.0
10 87.20512020759035
10 0.0
10 0.0
10 21.388724223710597
10 0.0
10 0.0
10 0.0
10 0.0
10 0.0
10 0.0
10 0.0
10 0.0
10 0.0
10 0.0
10 0.0
10 0.0
10 0.0
10 0.0
10 0.0
10 0.0
10 0.0
10 0.0
10 0.0
10 0.0
10 0.0
10 0.0
10 20.321622902347194
10 0.0
10 20.109450106944852
10 0.0
10 0.0
10 0.0
10 0.0
10 58.853587043016475
10 0.0
10 0.0
10 0.0
10 0.0
10 0.0
10 0.0
10 0.0
10 0.0
10 86.31359089733137
10 0.0
10 0.0
10 0.0
10 0.0
10 0.0
10 0.0
10 0.0
10 0.0
10 0.0
10 0.0
10 0.0
10 45.738365275519236
10 0.0
10 0.0
10 0.0
10 0.0
10 22.66186982627227
10 0.0
10 0.0
10 0.0
10 0.0
10 39.88496120569709
10 0.0
10 0.0
10 0.0
10 0.0
10 0.0
10 0.0
10 46.4934060490301
10 0.0
10 0.0
10 0.0
10 0.0
10 0.0
10 0.0
10 0.0
10 0.0
10 21.111160221135044
10 0.0
10 0.0
10 0.0
10 0.0
10 26.083848798053864
10 0.0
10 0.0
10 0.0
10 0.0
10 0.0
10 0.0
10 0.0
10 0.0
10 0.0
10 0.0
10 0.0
10 0.0
10 0.0
10 32.55744995600345
10 0.0
10 0.0
10 0.0
10 0.0
10 0.0
10 0.0
10 43.44700981458463
10 0.0
10 0.0
10 0.0
10 0.0
10 0.0
10 0.0
10 0.0
10 0.0
10 0.0
10 0.0
10 0.0
10 0.0
10 0.0
10 0.0
10 0.0
10 0.0
10 0.0
10 0.0
10 0.0
10 0.0
10 0.0
10 27.125412176224007
10 0.0
10 0.0
10 0.0
10 0.0
10 0.0
11 0.0
11 0.0
11 0.0
11 0.0
11 0.0
11 21.419040440049088
11 0.0
11 0.0
11 0.0
11 0.0
11 0.0
11 37.45971880660976
11 0.0
11 0.0
11 0.0
11 0.0
11 0.0
11 0.0
11 0.0
11 0.0
11 0.0
11 0.0
11 0.0
11 0.0
11 0.0
11 0.0
11 0.0
11 35.81294688927132
11 0.0
11 0.0
11 0.0
11 59.76849327511781
11 0.0
11 0.0
11 0.0
11 0.0
11 0.0
11 0.0
11 0.0
11 0.0
11 0.0
11 0.0
11 0.0
11 0.0
11 0.0
11 0.0
11 0.0
11 0.0
11 0.0
11 0.0
11 0.0
11 0.0
11 79.55593436172524
11 0.0
11 0.0
11 0.0
11 0.0
11 0.0
11 0.0
11 0.0
11 0.0
11 0.0
11 0.0
11 0.0
11 0.0
11 0.0
11 0.0
11 0.0
11 0.0
11 0.0
11 64.59670998205075
11 0.0
11 0.0
11 0.0
11 0.0
11 0.0
11 0.0
11 0.0
11 0.0
11 0.0
11 0.0
11 0.0
11 0.0
11 0.0
11 0.0
11 0.0
11 0.0
11 0.0
11 0.0
11 0.0
11 0.0
11 33.56932390194673
11 0.0
11 0.0
11 0.0
11 40.31651470653917
11 0.0
11 0.0
11 0.0
11 0.0
11 0.0
11 0.0
11 0.0
11 0.0
11 0.0
11 79.00076212736727
11 0.0
11 0.0
11 0.0
11 0.0
11 0.0
11 0.0
11 0.0
11 0.0
11 0.0
11 0.0
11 0.0
11 0.0
11 0.0
11 0.0
11 0.0
11 70.57670258217864
11 0.0
11 0.0
11 0.0
11 0.0
11 0.0
11 0.0
11 52.47143407254606
11 0.0
11 0.0
11 0.0
11 0.0
11 0.0
11 77.66627533627913
11 0.0
11 0.0
11 0.0
11 0.0
11 48.19542605050952
11 0.0
11 0.0
11 33.99588538312364
11 0.0
11 0.0
11 0.0
11 58.000733057657875
11 0.0
11 0.0
11 0.0
11 0.0
11 166.8840867282292
11 0.0
11 0.0
11 44.05219760813827
11 0.0
11 0.0
11 0.0
11 36.10425601523417
11 0.0
11 0.0
11 140.3675941922131
11 0.0
11 0.0
11 0.0
11 22.453329760357015
11 0.0
11 34.81387251893135
11 0.0
11 0.0
11 0.0
11 65.15098302189897
11 0.0
11 0.0
11 0.0
11 0.0
11 0.0
11 0.0
11 30.61604170052402
11 0.0
11 0.0
11 116.22981494671973
11 0.0
11 0.0
11 20.072231146597094
11 0.0
11 0.0
11 0.0
11 0.0
11 0.0
11 0.0
11 0.0
11 0.0
11 0.0
11 0.0
11 22.790953795115154
11 0.0
11 0.0
11 0.0
11 41.035575526001516
11 0.0
11 0.0
11 0.0
11 0.0
11 0.0
11 0.0
11 0.0
11 0.0
11 0.0
11 0.0
11 119.73640855765424
11 0.0
11 0.0
11 0.0
11 0.0
11 21.894880473963667
11 0.0
11 0.0
11 0.0
11 0.0
11 0.0
11 0.0
11 21.154530706423945
11 0.0
11 0.0
11 0.0
11 0.0
11 0.0
11 0.0
11 0.0
11 0.0
11 25.509525837020323
11 0.0
11 0.0
11 0.0
11 0.0
11 0.0
11 0.0
11 0.0
11 0.0
11 0.0
11 0.0
11 0.0
11 31.6412220825007
11 0.0
11 0.0
11 0.0
11 0.0
11 0.0
11 23.382084047277992
11 0.0
11 0.0
11 0.0
11 0.0
11 0.0
11 0.0
11 0.0
11 0.0
11 40.32503459869175
11 0.0
11 0.0
11 0.0
11 0.0
11 0.0
11 0.0
11 0.0
11 0.0
11 74.85150358308998
11 0.0
11 0.0
11 0.0
11 0.0
11 0.0
11 0.0
11 0.0
11 0.0
11 0.0
11 0.0
11 0.0
11 0.0
11 0.0
11 0.0
11 0.0
11 0.0
11 0.0
11 23.925012780746943
11 0.0
11 0.0
11 0.0
11 56.41370037659573
11 0.0
11 0.0
11 0.0
11 0.0
11 0.0
11 0.0
11 0.0
11 0.0
11 0.0
11 0.0
11 0.0
11 0.0
11 0.0
11 0.0
11 0.0
11 0.0
11 46.329009491688495
11 0.0
11 0.0
11 0.0
11 0.0
11 0.0
11 0.0
11 0.0
11 0.0
11 0.0
11 0.0
11 0.0
11 34.60231474139271
11 0.0
11 0.0
11 0.0
11 30.668490355144176
11 0.0
11 0.0
11 21.58254831960196
11 0.0
11 0.0
11 0.0
11 0.0
11 0.0
11 0.0
11 0.0
11 0.0
11 0.0
11 0.0
11 69.02077152387602
11 0.0
11 0.0
11 0.0
11 0.0
11 0.0
11 0.0
11 42.93065303355215
11 0.0
11 0.0
11 0.0
11 0.0
11 0.0
11 0.0
11 0.0
11 0.0
11 0.0
11 0.0
11 0.0
11 0.0
11 0.0
11 0.0
11 0.0
11 0.0
11 0.0
11 0.0
11 0.0
11 0.0
11 0.0
11 0.0
11 22.096175521612167
11 0.0
11 0.0
11 0.0
11 0.0
11 0.0
11 0.0
11 26.221513769734447
11 0.0
11 0.0
11 0.0
11 0.0
11 0.0
11 0.0
11 0.0
11 0.0
11 80.43908853116243
11 0.0
11 0.0
11 0.0
11 0.0
11 0.0
11 0.0
11 0.0
11 0.0
11 0.0
11 0.0
11 0.0
11 0.0
11 27.797668439022623
11 0.0
11 0.0
11 0.0
11 0.0
11 0.0
11 0.0
11 68.7667821735679
11 0.0
11 0.0
11 0.0
11 0.0
11 0.0
11 0.0
11 0.0
11 0.0
11 0.0
11 0.0
11 0.0
11 0.0
11 0.0
11 0.0
11 0.0
11 0.0
11 0.0
11 0.0
11 73.96939455608363
11 0.0
11 0.0
11 0.0
11 0.0
11 20.717512077972536
11 0.0
11 0.0
11 43.57001923443934
11 0.0
11 0.0
11 0.0
11 0.0
11 0.0
11 0.0
11 0.0
11 22.41229809010437
11 0.0
11 0.0
11 0.0
11 101.09523270226627
11 0.0
11 0.0
11 0.0
11 0.0
11 0.0
11 0.0
11 24.621195561989495
11 0.0
11 0.0
11 1168.9270727204582
11 0.0
11 0.0
11 642.1926646227548
11 0.0
11 0.0
11 0.0
11 0.0
11 0.0
11 6518.529147378659
11 0.0
11 0.0
11 628.8368652214712
11 0.0
11 0.0
11 0.0
11 0.0
11 5439.50517242035
11 0.0
11 0.0
11 0.0
11 34.004409092431146
11 0.0
11 0.0
11 0.0
11 23.58706234880791
11 0.0
11 0.0
11 0.0
11 0.0
11 0.0
11 29.471789893202896
11 0.0
11 0.0
11 33.887234898632286
11 0.0
11 0.0
11 0.0
11 0.0
11 293.2085848051023
11 0.0
11 0.0
11 0.0
11 0.0
11 0.0
11 0.0
11 0.0
11 0.0
11 24.24871166721283
11 0.0
11 0.0
11 0.0
11 0.0
11 0.0
11 0.0
11 0.0
11 41.147676976568974
11 0.0
11 0.0
11 0.0
11 0.0
11 0.0
11 0.0
11 0.0
11 0.0
11 0.0
11 0.0
11 0.0
11 0.0
11 29.25853786192966
11 0.0
11 0.0
11 0.0
11 0.0
11 0.0
11 0.0
11 0.0
11 0.0
11 0.0
11 68.24443828726451
11 0.0
11 0.0
11 0.0
11 0.0
11 0.0
11 0.0
11 0.0
11 50.12814130698898
11 0.0
11 0.0
11 0.0
11 0.0
11 0.0
11 0.0
11 0.0
11 0.0
11 49.61838086841842
11 0.0
11 0.0
11 0.0
11 0.0
11 0.0
11 0.0
11 0.0
11 0.0
11 0.0
11 0.0
11 0.0
11 0.0
11 0.0
11 0.0
11 0.0
11 56.25722941733952
11 0.0
11 0.0
11 0.0
11 0.0
11 0.0
11 0.0
11 28.15948708769777
11 0.0
11 0.0
11 0.0
11 0.0
11 0.0
11 0.0
11 0.0
11 68.46475337864652
11 0.0
11 0.0
11 0.0
11 0.0
11 0.0
11 0.0
11 0.0
11 0.0
11 0.0
11 0.0
11 0.0
11 0.0
11 25.223514381161444
11 0.0
11 0.0
11 0.0
11 0.0
11 0.0
11 0.0
11 0.0
11 21.126446111160412
11 0.0
11 0.0
11 0.0
11 0.0
11 0.0
11 0.0
11 0.0
11 0.0
11 0.0
11 0.0
11 0.0
11 0.0
11 0.0
11 0.0
11 0.0
11 0.0
11 0.0
11 0.0
11 0.0
11 0.0
11 0.0
11 0.0
11 0.0
11 32.33407258468319
11 0.0
11 36.093980720960175
11 0.0
11 0.0
11 48.91932055051109
11 0.0
11 0.0
11 0.0
11 0.0
11 0.0
11 0.0
11 0.0
11 0.0
11 0.0
11 0.0
11 0.0
11 0.0
11 0.0
11 0.0
11 0.0
11 43.856644211227085
11 0.0
11 0.0
11 0.0
11 0.0
11 0.0
11 36.42861554283013
11 0.0
11 0.0
11 0.0
11 0.0
11 0.0
11 31.22315782672363
11 0.0
11 0.0
11 0.0
11 0.0
11 0.0
11 51.11178670240485
11 0.0
11 0.0
11 0.0
11 0.0
11 0.0
11 0.0
11 0.0
11 0.0
11 0.0
11 0.0
11 0.0
11 40.61177873931905
11 0.0
11 0.0
11 0.0
11 0.0
11 0.0
11 0.0
11 0.0
11 0.0
11 50.3138361740597
11 0.0
11 0.0
11 0.0
11 0.0
11 23.103641263844736
11 0.0
11 0.0
11 0.0
11 0.0
11 0.0
11 71.24632474827273
11 0.0
11 0.0
11 0.0
11 0.0
11 0.0
11 0.0
11 0.0
11 0.0
11 0.0
11 0.0
11 0.0
11 30.92902993323311
11 0.0
11 22.128661385512093
11 0.0
11 0.0
11 0.0
11 0.0
11 0.0
11 0.0
11 0.0
11 0.0
11 39.81053134709188
11 0.0
11 0.0
11 0.0
11 0.0
11 0.0
11 0.0
11 0.0
11 0.0
11 0.0
11 0.0
11 0.0
11 0.0
11 0.0
11 33.662537740550164
11 0.0
11 0.0
11 73.82128969866913
11 0.0
11 0.0
11 0.0
11 0.0
11 0.0
11 0.0
11 0.0
11 0.0
11 0.0
11 0.0
11 0.0
11 0.0
11 0.0
11 31.943285095765724
11 0.0
11 0.0
11 0.0
11 0.0
11 0.0
11 0.0
11 0.0
11 0.0
11 0.0
11 0.0
11 0.0
11 36.865794810591076
11 0.0
11 0.0
11 0.0
11 0.0
11 0.0
11 0.0
11 0.0
11 0.0
11 31.395484841684848
11 0.0
11 0.0
11 0.0
11 0.0
11 0.0
11 0.0
11 60.154446166731105
11 0.0
11 0.0
11 0.0
11 26.83508709432248
11 0.0
11 0.0
11 0.0
11 0.0
11 0.0
11 0.0
11 0.0
11 0.0
11 0.0
11 0.0
11 0.0
11 0.0
11 45.52453170268392
11 0.0
11 0.0
11 0.0
11 0.0
11 0.0
11 36.52097323641663
11 0.0
11 0.0
11 0.0
11 0.0
11 0.0
11 0.0
11 0.0
11 0.0
11 0.0
11 0.0
11 0.0
11 0.0
11 0.0
11 0.0
11 0.0
11 0.0
11 21.23090419049533
11 0.0
11 21.190552908195016
11 0.0
11 0.0
11 0.0
11 69.12483585013447
11 0.0
11 0.0
11 0.0
11 0.0
11 0.0
11 0.0
11 0.0
11 0.0
11 0.0
11 0.0
11 0.0
11 0.0
11 0.0
11 71.28877250816248
11 0.0
11 0.0
11 0.0
11 0.0
11 0.0
11 0.0
11 0.0
11 0.0
11 0.0
11 0.0
11 0.0
11 0.0
11 0.0
11 0.0
11 40.412217574729056
11 0.0
11 0.0
11 0.0
11 0.0
11 0.0
11 0.0
11 0.0
11 0.0
11 0.0
11 0.0
11 0.0
11 0.0
11 0.0
11 0.0
11 0.0
11 0.0
11 123.76805976115236
11 0.0
11 0.0
11 0.0
11 0.0
11 0.0
11 0.0
11 22.976052171167204
11 0.0
11 0.0
11 0.0
11 0.0
11 0.0
11 31.045558071582118
11 0.0
11 0.0
11 0.0
11 0.0
11 0.0
11 0.0
11 40.602358498408876
11 0.0
11 0.0
11 0.0
11 0.0
11 0.0
11 0.0
11 0.0
11 21.689206384546388
11 0.0
11 0.0
11 44.76906927825638
11 0.0
11 0.0
11 0.0
11 0.0
11 24.412887642469105
11 0.0
11 0.0
11 0.0
11 0.0
11 76.91400797333198
11 0.0
11 0.0
11 0.0
11 0.0
11 0.0
11 0.0
11 0.0
11 0.0
11 0.0
11 0.0
11 0.0
11 0.0
11 0.0
11 0.0
11 0.0
11 0.0
11 0.0
11 0.0
11 21.07351792475273
11 0.0
11 55.5247104727813
11 0.0
11 0.0
11 0.0
11 0.0
11 0.0
11 0.0
11 0.0
11 0.0
11 0.0
11 0.0
11 0.0
11 0.0
11 0.0
11 0.0
11 0.0
11 23.396051997455878
11 0.0
11 0.0
11 0.0
11 0.0
11 0.0
11 0.0
11 20.447650895639455
11 0.0
11 0.0
11 50.93341774247021
11 0.0
11 0.0
11 0.0
11 0.0
11 0.0
11 0.0
11 22.69094776266802
11 0.0
11 0.0
11 0.0
11 0.0
11 0.0
11 0.0
11 0.0
11 25.954986470685878
11 0.0
11 0.0
11 0.0
11 76.64969022507414
11 0.0
11 0.0
11 0.0
11 0.0
11 0.0
11 0.0
11 0.0
11 0.0
11 0.0
11 0.0
11 0.0
11 0.0
11 0.0
11 0.0
11 0.0
11 0.0
11 0.0
11 0.0
11 0.0
11 0.0
11 0.0
11 0.0
11 0.0
11 0.0
11 67.66547716143221
11 0.0
11 0.0
11 0.0
11 85.97072890432257
11 0.0
11 0.0
11 37.41670920257568
11 0.0
11 0.0
11 0.0
11 0.0
11 0.0
11 0.0
11 0.0
11 27.832028671952546
11 0.0
11 0.0
11 0.0
11 0.0
11 0.0
11 0.0
11 0.0
11 0.0
11 0.0
11 0.0
11 0.0
11 0.0
11 0.0
11 0.0
11 0.0
11 0.0
11 0.0
11 0.0
11 0.0
11 0.0
11 0.0
11 0.0
11 75.81130536051764
11 0.0
11 0.0
11 0.0
11 0.0
11 0.0
11 0.0
11 0.0
11 0.0
11 0.0
11 0.0
11 0.0
11 0.0
11 0.0
11 23.954917775919714
11 0.0
11 0.0
11 23.58901320808099
11 0.0
11 0.0
11 0.0
11 0.0
11 0.0
11 0.0
11 0.0
11 0.0
11 21.893517781026706
11 0.0
11 0.0
11 0.0
11 0.0
11 0.0
11 0.0
11 30.60689785630403
11 0.0
11 0.0
11 0.0
11 0.0
11 0.0
11 0.0
12 0.0
12 0.0
12 0.0
12 0.0
12 0.0
12 0.0
12 0.0
12 0.0
12 28.785512248948802
12 0.0
12 0.0
12 32.939301947255196
12 0.0
12 0.0
12 0.0
12 0.0
12 0.0
12 0.0
12 41.66654777252417
12 0.0
12 0.0
12 0.0
12 0.0
12 0.0
12 0.0
12 0.0
12 0.0
12 25.323402730945446
12 0.0
12 0.0
12 0.0
12 0.0
12 0.0
12 0.0
12 0.0
12 0.0
12 0.0
12 0.0
12 0.0
12 57.19338356288134
12 0.0
12 0.0
12 0.0
12 0.0
12 0.0
12 0.0
12 0.0
12 0.0
12 0.0
12 20.513956557149474
12 0.0
12 0.0
12 0.0
12 0.0
12 0.0
12 0.0
12 0.0
12 102.27250668094132
12 0.0
12 0.0
12 0.0
12 0.0
12 0.0
12 0.0
12 0.0
12 0.0
12 0.0
12 0.0
12 0.0
12 0.0
12 0.0
12 0.0
12 0.0
12 0.0
12 51.86350410999333
12 0.0
12 0.0
12 0.0
12 0.0
12 0.0
12 0.0
12 0.0
12 0.0
12 0.0
12 0.0
12 78.00521214416875
12 0.0
12 0.0
12 0.0
12 0.0
12 0.0
12 0.0
12 0.0
12 0.0
12 0.0
12 28.69180389930462
12 0.0
12 0.0
12 0.0
12 0.0
12 0.0
12 0.0
12 0.0
12 0.0
12 0.0
12 0.0
12 0.0
12 0.0
12 0.0
12 0.0
12 0.0
12 0.0
12 99.97419672506997
12 0.0
12 0.0
12 0.0
12 0.0
12 0.0
12 0.0
12 0.0
12 0.0
12 0.0
12 0.0
12 0.0
12 0.0
12 0.0
12 0.0
12 0.0
12 0.0
12 0.0
12 0.0
12 0.0
12 0.0
12 0.0
12 0.0
12 0.0
12 0.0
12 0.0
12 0.0
12 0.0
12 0.0
12 0.0
12 0.0
12 0.0
12 33.2330542527403
12 0.0
12 0.0
12 79.21192339137643
12 0.0
12 0.0
12 0.0
12 0.0
12 0.0
12 21.996929187552873
12 0.0
12 0.0
12 0.0
12 0.0
12 0.0
12 0.0
12 0.0
12 0.0
12 48.104723540941876
12 0.0
12 0.0
12 0.0
12 0.0
12 0.0
12 36.0494873810883
12 0.0
12 0.0
12 0.0
12 0.0
12 34.39619445800781
12 0.0
12 0.0
12 0.0
12 0.0
12 0.0
12 0.0
12 0.0
12 0.0
12 0.0
12 21.42244324406374
12 0.0
12 0.0
12 0.0
12 0.0
12 0.0
12 0.0
12 51.59256606830491
12 0.0
12 0.0
12 0.0
12 0.0
12 0.0
12 0.0
12 0.0
12 0.0
12 0.0
12 0.0
12 0.0
12 68.62277895561004
12 0.0
12 0.0
12 0.0
12 0.0
12 0.0
12 0.0
12 0.0
12 0.0
12 0.0
12 33.253547620917374
12 0.0
12 0.0
12 0.0
12 0.0
12 0.0
12 0.0
12 0.0
12 0.0
12 0.0
12 50.5365801348496
12 0.0
12 0.0
12 0.0
12 0.0
12 24.467483961109547
12 0.0
12 0.0
12 0.0
12 0.0
12 0.0
12 0.0
12 44.03473512427395
12 0.0
12 0.0
12 0.0
12 0.0
12 46.78896596834257
12 0.0
12 0.0
12 0.0
12 0.0
12 0.0
12 0.0
12 0.0
12 0.0
12 0.0
12 0.0
12 0.0
12 71.52022660357281
12 0.0
12 0.0
12 0.0
12 0.0
12 141.97728978953032
12 0.0
12 0.0
12 0.0
12 0.0
12 94.5695592092288
12 0.0
12 0.0
12 0.0
12 0.0
12 0.0
12 171.84769769110534
12 0.0
12 0.0
12 0.0
12 0.0
12 0.0
12 0.0
12 0.0
12 0.0
12 0.0
12 186.36429928358802
12 0.0
12 0.0
12 0.0
12 0.0
12 0.0
12 0.0
12 0.0
12 0.0
12 0.0
12 0.0
12 0.0
12 27.07898629983266
12 0.0
12 0.0
12 0.0
12 0.0
12 0.0
12 54.57967272191434
12 0.0
12 0.0
12 0.0
12 0.0
12 82.94020770716583
12 0.0
12 0.0
12 0.0
12 0.0
12 0.0
12 0.0
12 0.0
12 0.0
12 0.0
12 0.0
12 0.0
12 0.0
12 0.0
12 0.0
12 0.0
12 25.24400658616137
12 0.0
12 0.0
12 43.67793460102201
12 0.0
12 0.0
12 0.0
12 0.0
12 0.0
12 0.0
12 0.0
12 0.0
12 68.9826090679719
12 0.0
12 0.0
12 24.811903873344885
12 0.0
12 0.0
12 0.0
12 0.0
12 0.0
12 0.0
12 0.0
12 80.1620697862164
12 0.0
12 0.0
12 0.0
12 0.0
12 0.0
12 0.0
12 0.0
12 0.0
12 0.0
12 0.0
12 0.0
12 0.0
12 0.0
12 0.0
12 0.0
12 0.0
12 90.63121565034179
12 0.0
12 0.0
12 0.0
12 0.0
12 0.0
12 0.0
12 28.00241306274631
12 0.0
12 0.0
12 0.0
12 20.0779378428835
12 0.0
12 0.0
12 0.0
12 0.0
12 23.658871864480727
12 0.0
12 0.0
12 0.0
12 0.0
12 0.0
12 0.0
12 20.56347468264087
12 0.0
12 0.0
12 0.0
12 0.0
12 0.0
12 0.0
12 0.0
12 0.0
12 0.0
12 0.0
12 0.0
12 0.0
12 0.0
12 0.0
12 32.6688865206844
12 0.0
12 0.0
12 0.0
12 0.0
12 0.0
12 0.0
12 0.0
12 0.0
12 0.0
12 63.23773197606016
12 0.0
12 0.0
12 0.0
12 0.0
12 0.0
12 26.12363318059717
12 0.0
12 0.0
12 0.0
12 0.0
12 0.0
12 69.71908400524622
12 0.0
12 0.0
12 0.0
12 0.0
12 0.0
12 0.0
12 0.0
12 0.0
12 0.0
12 49.3345702663064
12 0.0
12 0.0
12 0.0
12 0.0
12 0.0
12 0.0
12 0.0
12 0.0
12 0.0
12 0.0
12 0.0
12 0.0
12 0.0
12 0.0
12 0.0
12 0.0
12 71.5406642308761
12 0.0
12 25.13573391135059
12 0.0
12 0.0
12 0.0
12 22.690630526843933
12 0.0
12 0.0
12 0.0
12 0.0
12 0.0
12 0.0
12 0.0
12 0.0
12 0.0
12 65.18765923802445
12 0.0
12 0.0
12 0.0
12 0.0
12 0.0
12 0.0
12 0.0
12 0.0
12 0.0
12 75.5465308424896
12 0.0
12 0.0
12 0.0
12 0.0
12 0.0
12 0.0
12 0.0
12 0.0
12 0.0
12 0.0
12 0.0
12 0.0
12 0.0
12 0.0
12 0.0
12 0.0
12 0.0
12 0.0
12 0.0
12 0.0
12 107.9262959294849
12 0.0
12 0.0
12 0.0
12 0.0
12 0.0
12 0.0
12 0.0
12 0.0
12 43.72851959016265
12 0.0
12 0.0
12 0.0
12 26.61123802953837
12 0.0
12 0.0
12 0.0
12 0.0
12 0.0
12 20.571301184049467
12 0.0
12 0.0
12 0.0
12 0.0
12 0.0
12 0.0
12 0.0
12 0.0
12 0.0
12 0.0
12 83.99135487338147
12 0.0
12 0.0
12 0.0
12 0.0
12 0.0
12 0.0
12 0.0
12 0.0
12 0.0
12 0.0
12 0.0
12 60.26404771779779
12 0.0
12 0.0
12 0.0
12 0.0
12 0.0
12 0.0
12 0.0
12 0.0
12 0.0
12 0.0
12 21.365427504724533
12 0.0
12 0.0
12 0.0
12 0.0
12 0.0
12 49.74344884381725
12 0.0
12 0.0
12 0.0
12 0.0
12 48.11041935167274
12 0.0
12 0.0
12 0.0
12 0.0
12 0.0
12 0.0
12 0.0
12 0.0
12 0.0
12 21.283358495640304
12 0.0
12 22.250141424090206
12 0.0
12 0.0
12 0.0
12 27.18930261037714
12 0.0
12 29.671128448627723
12 0.0
12 0.0
12 0.0
12 0.0
12 0.0
12 92.40096668284231
12 0.0
12 0.0
12 0.0
12 0.0
12 0.0
12 0.0
12 0.0
12 0.0
12 0.0
12 0.0
12 0.0
12 0.0
12 0.0
12 0.0
12 0.0
12 0.0
12 0.0
12 25.495682578460844
12 0.0
12 0.0
12 26.34835876980985
12 0.0
12 0.0
12 0.0
12 0.0
12 0.0
12 0.0
12 0.0
12 0.0
12 0.0
12 0.0
12 0.0
12 0.0
12 0.0
12 0.0
12 0.0
12 0.0
12 0.0
12 0.0
12 0.0
12 0.0
12 0.0
12 0.0
12 47.44970998279551
12 0.0
12 0.0
12 0.0
12 21.982936886259452
12 0.0
12 0.0
12 0.0
12 0.0
12 0.0
12 0.0
12 0.0
12 67.03169702316916
12 0.0
12 0.0
12 0.0
12 0.0
12 0.0
12 44.9404383733523
12 0.0
12 0.0
12 0.0
12 0.0
12 0.0
12 0.0
12 0.0
12 0.0
12 0.0
12 0.0
12 0.0
12 0.0
12 0.0
12 0.0
12 0.0
12 0.0
12 0.0
12 0.0
12 0.0
12 0.0
12 0.0
12 0.0
12 0.0
12 0.0
12 0.0
12 26.09574431582912
12 0.0
12 0.0
12 95.08103041153228
12 0.0
12 0.0
12 0.0
12 0.0
12 0.0
12 0.0
12 0.0
12 0.0
12 0.0
12 0.0
12 0.0
12 0.0
12 0.0
12 0.0
12 0.0
12 20.74712459773712
12 0.0
12 0.0
12 0.0
12 0.0
12 31.82476350032922
12 0.0
12 0.0
12 0.0
12 0.0
12 0.0
12 0.0
12 0.0
12 44.19648566723524
12 0.0
12 0.0
12 0.0
12 0.0
12 33.90745381080136
12 0.0
12 0.0
12 0.0
12 0.0
12 0.0
12 0.0
12 0.0
12 0.0
12 0.0
12 54.45006580189529
12 0.0
12 0.0
12 0.0
12 0.0
12 71.31569810404922
12 0.0
12 0.0
12 0.0
12 0.0
12 0.0
12 0.0
12 21.728613056271232
12 0.0
12 0.0
12 0.0
12 0.0
12 0.0
12 0.0
12 0.0
12 0.0
12 0.0
12 0.0
12 0.0
12 0.0
12 0.0
12 0.0
12 0.0
12 52.792882497008044
12 0.0
12 0.0
12 0.0
12 0.0
12 0.0
12 0.0
12 89.3579023267016
12 0.0
12 0.0
12 0.0
12 30.27606837661861
12 0.0
12 0.0
12 0.0
12 0.0
12 0.0
12 0.0
12 0.0
12 0.0
12 65.56204635536332
12 0.0
12 0.0
12 0.0
12 0.0
12 0.0
12 0.0
12 22.956388534304836
12 0.0
12 0.0
12 0.0
12 0.0
12 41.215863078001135
12 0.0
12 34.53114997598783
12 0.0
12 0.0
12 40.2602978853079
12 0.0
12 0.0
12 0.0
12 0.0
12 0.0
12 0.0
12 0.0
12 0.0
12 0.0
12 0.0
12 0.0
12 0.0
12 0.0
12 0.0
12 0.0
12 0.0
12 0.0
12 0.0
12 0.0
12 0.0
12 0.0
12 0.0
12 0.0
12 62.689735014542286
12 0.0
12 0.0
12 22.34352142416586
12 0.0
12 0.0
12 32.88044223483808
12 0.0
12 0.0
12 0.0
12 0.0
12 0.0
12 0.0
12 0.0
12 0.0
12 0.0
12 0.0
12 0.0
12 0.0
12 0.0
12 0.0
12 0.0
12 0.0
12 0.0
12 0.0
12 0.0
12 0.0
12 0.0
12 0.0
12 0.0
12 0.0
12 44.67576466482107
12 0.0
12 0.0
12 0.0
12 0.0
12 0.0
12 41.447366009019824
12 0.0
12 0.0
12 0.0
12 0.0
12 0.0
12 0.0
12 0.0
12 0.0
12 0.0
12 38.70957386705297
12 0.0
12 0.0
12 0.0
12 0.0
12 0.0
12 40.016269301034356
12 0.0
12 29.377705074611463
12 0.0
12 0.0
12 0.0
12 0.0
12 0.0
12 0.0
12 40.269847639992875
12 0.0
12 0.0
12 0.0
12 0.0
12 0.0
12 0.0
12 0.0
12 0.0
12 0.0
12 0.0
12 0.0
12 0.0
12 0.0
12 36.053340009990194
12 0.0
12 0.0
12 0.0
12 0.0
12 0.0
12 0.0
12 0.0
12 0.0
12 0.0
12 0.0
12 66.50107398562962
12 0.0
12 0.0
12 0.0
12 0.0
12 0.0
12 0.0
12 0.0
12 0.0
12 0.0
12 0.0
12 0.0
12 0.0
12 0.0
12 0.0
12 0.0
12 0.0
12 28.669343999246273
12 0.0
12 0.0
12 0.0
12 0.0
12 0.0
12 0.0
12 0.0
12 0.0
12 0.0
12 0.0
12 0.0
12 0.0
12 0.0
12 0.0
12 0.0
12 0.0
12 0.0
13 0.0
13 0.0
13 0.0
13 0.0
13 0.0
13 0.0
13 0.0
13 54.108136761346515
13 0.0
13 24.63821456537527
13 0.0
13 0.0
13 0.0
13 0.0
13 0.0
13 26.124876992533526
13 0.0
13 27.78691299922202
13 0.0
13 0.0
13 0.0
13 0.0
13 0.0
13 0.0
13 0.0
13 0.0
13 42.90273769135957
13 0.0
13 0.0
13 0.0
13 0.0
13 0.0
13 0.0
13 0.0
13 0.0
13 0.0
13 0.0
13 0.0
13 0.0
13 24.065345665504193
13 0.0
13 0.0
13 89.65265709660218
13 0.0
13 0.0
13 0.0
13 0.0
13 0.0
13 0.0
13 26.05832792842886
13 0.0
13 0.0
13 0.0
13 0.0
13 33.11030203186803
13 0.0
13 0.0
13 0.0
13 0.0
13 0.0
13 0.0
13 22.74466460143926
13 0.0
13 0.0
13 0.0
13 0.0
13 0.0
13 0.0
13 0.0
13 0.0
13 0.0
13 70.743892947737
13 0.0
13 0.0
13 0.0
13 0.0
13 0.0
13 0.0
13 23.29224346025918
13 0.0
13 0.0
13 0.0
13 0.0
13 28.153285830437472
13 0.0
13 0.0
13 0.0
13 0.0
13 0.0
13 0.0
13 0.0
13 0.0
13 0.0
13 0.0
13 0.0
13 0.0
13 94.20393701399057
13 0.0
13 0.0
13 0.0
13 0.0
13 0.0
13 25.398660268419505
13 0.0
13 21.199832494678414
13 0.0
13 0.0
13 0.0
13 0.0
13 26.594453047356517
13 0.0
13 0.0
13 0.0
13 0.0
13 0.0
13 0.0
13 22.582364358866524
13 0.0
13 0.0
13 0.0
13 0.0
13 52.326736880109664
13 0.0
13 0.0
13 0.0
13 0.0
13 43.56025765761446
13 0.0
13 0.0
13 0.0
13 0.0
13 0.0
13 0.0
13 0.0
13 0.0
13 0.0
13 0.0
13 0.0
13 0.0
13 0.0
13 0.0
13 0.0
13 0.0
13 0.0
13 43.564558090543805
13 0.0
13 0.0
13 0.0
13 0.0
13 0.0
13 0.0
13 0.0
13 0.0
13 0.0
13 0.0
13 0.0
13 0.0
13 59.85995982570719
13 0.0
13 0.0
13 0.0
13 0.0
13 0.0
13 0.0
13 0.0
13 0.0
13 37.991303242896514
13 0.0
13 0.0
13 0.0
13 0.0
13 25.41657562394324
13 0.0
13 0.0
13 0.0
13 0.0
13 0.0
13 0.0
13 0.0
13 25.021458315483756
13 0.0
13 0.0
13 0.0
13 0.0
13 0.0
13 0.0
13 0.0
13 0.0
13 0.0
13 0.0
13 0.0
13 0.0
13 0.0
13 0.0
13 0.0
13 60.857320917063745
13 0.0
13 0.0
13 0.0
13 0.0
13 0.0
13 0.0
13 0.0
13 0.0
13 0.0
13 27.861310625603185
13 0.0
13 0.0
13 0.0
13 0.0
13 0.0
13 0.0
13 0.0
13 0.0
13 0.0
13 163.04368943103674
13 0.0
13 0.0
13 0.0
13 0.0
13 0.0
13 0.0
13 0.0
13 0.0
13 0.0
13 0.0
13 0.0
13 0.0
13 0.0
13 31.072605375816682
13 0.0
13 0.0
13 0.0
13 0.0
13 0.0
13 23.333010825984164
13 0.0
13 0.0
13 0.0
13 0.0
13 0.0
13 0.0
13 0.0
13 0.0
13 0.0
13 0.0
13 0.0
13 0.0
13 0.0
13 0.0
13 33.28588744746061
13 0.0
13 0.0
13 0.0
13 0.0
13 0.0
13 96.61779951091071
13 0.0
13 0.0
13 0.0
13 0.0
13 0.0
13 0.0
13 0.0
13 0.0
13 0.0
13 0.0
13 0.0
13 0.0
13 0.0
13 0.0
13 0.0
13 0.0
13 0.0
13 0.0
13 0.0
13 0.0
13 0.0
13 0.0
13 0.0
13 0.0
13 0.0
13 0.0
13 0.0
13 0.0
13 0.0
13 0.0
13 0.0
13 0.0
13 0.0
13 0.0
13 0.0
13 117.89107575215084
13 0.0
13 0.0
13 0.0
13 0.0
13 0.0
13 0.0
13 0.0
13 0.0
13 0.0
13 0.0
13 58.87231337591774
13 0.0
13 0.0
13 0.0
13 0.0
13 0.0
13 0.0
13 0.0
13 0.0
13 0.0
13 0.0
13 0.0
13 0.0
13 59.38260887555427
13 0.0
13 0.0
13 0.0
13 0.0
13 0.0
13 0.0
13 0.0
13 0.0
13 0.0
13 0.0
13 0.0
13 0.0
13 0.0
13 0.0
13 0.0
13 0.0
13 0.0
13 0.0
13 20.364401121662087
13 0.0
13 0.0
13 30.56203770179815
13 0.0
13 54.85799072653963
13 0.0
13 0.0
13 37.48074650830145
13 0.0
13 0.0
13 0.0
13 35.622954245093915
13 0.0
13 0.0
13 0.0
13 0.0
13 0.0
13 25.711938121831306
13 0.0
13 0.0
13 0.0
13 0.0
13 37.460617200249715
13 0.0
13 0.0
13 0.0
13 0.0
13 0.0
13 0.0
13 0.0
13 0.0
13 0.0
13 41.75938700767143
13 0.0
13 0.0
13 0.0
13 0.0
13 0.0
13 0.0
13 0.0
13 0.0
13 0.0
13 0.0
13 41.122769451009084
13 0.0
13 0.0
13 0.0
13 0.0
13 0.0
13 0.0
13 0.0
13 0.0
13 0.0
13 66.09911406877879
13 0.0
13 0.0
13 0.0
13 0.0
13 0.0
13 0.0
13 0.0
13 53.99362779441087
13 0.0
13 0.0
13 0.0
13 0.0
13 35.73889941305892
13 0.0
13 0.0
13 0.0
13 0.0
13 0.0
13 0.0
13 0.0
13 24.282027930629496
13 0.0
13 0.0
13 0.0
13 0.0
13 0.0
13 69.20019106784885
13 0.0
13 0.0
13 0.0
13 0.0
13 0.0
13 0.0
13 0.0
13 0.0
13 0.0
13 0.0
13 0.0
13 0.0
13 0.0
13 0.0
13 0.0
13 0.0
13 0.0
13 0.0
13 0.0
13 0.0
13 0.0
13 78.31965278465057
13 0.0
13 0.0
13 0.0
13 0.0
13 0.0
13 0.0
13 0.0
13 0.0
13 0.0
13 0.0
13 0.0
13 0.0
13 0.0
13 0.0
13 0.0
13 0.0
13 0.0
13 0.0
13 0.0
13 0.0
13 0.0
13 0.0
13 0.0
13 0.0
13 0.0
13 0.0
13 0.0
13 0.0
13 0.0
13 0.0
13 52.417398047664605
13 0.0
13 0.0
13 0.0
13 0.0
13 0.0
13 75.35271223664438
13 0.0
13 0.0
13 0.0
13 0.0
13 0.0
13 0.0
13 0.0
13 0.0
13 0.0
13 0.0
13 25.521111804246903
13 0.0
13 0.0
13 0.0
13 0.0
13 0.0
13 0.0
13 60.52615516349691
13 0.0
13 0.0
13 0.0
13 0.0
13 0.0
13 0.0
13 0.0
13 0.0
13 0.0
13 0.0
13 0.0
13 51.54398557738866
13 0.0
13 0.0
13 0.0
13 0.0
13 0.0
13 0.0
13 51.32574587219704
13 0.0
13 0.0
13 0.0
13 0.0
13 0.0
13 0.0
13 0.0
13 0.0
13 0.0
13 0.0
13 0.0
13 21.736171130083207
13 0.0
13 0.0
13 0.0
13 0.0
13 0.0
13 0.0
13 0.0
13 0.0
13 83.11101184457036
13 0.0
13 0.0
13 0.0
13 0.0
13 0.0
13 27.239388663149388
13 0.0
13 0.0
13 0.0
13 0.0
13 0.0
13 0.0
13 0.0
13 0.0
13 0.0
13 45.199489049463466
13 0.0
13 0.0
13 0.0
13 0.0
13 0.0
13 0.0
13 0.0
13 32.83577505606817
13 0.0
13 0.0
13 0.0
13 35.33989144662075
13 0.0
13 0.0
13 0.0
13 0.0
13 0.0
13 0.0
13 0.0
13 0.0
13 0.0
13 0.0
13 0.0
13 0.0
13 0.0
13 0.0
13 0.0
13 0.0
13 0.0
13 0.0
13 0.0
13 0.0
13 0.0
13 68.07314022136697
13 0.0
13 0.0
13 35.1055041217375
13 0.0
13 0.0
13 0.0
13 0.0
13 0.0
13 0.0
13 0.0
13 0.0
13 0.0
13 0.0
13 0.0
13 0.0
13 0.0
13 0.0
13 0.0
13 0.0
13 0.0
13 0.0
13 0.0
13 0.0
13 0.0
13 0.0
13 146.29220350256793
13 0.0
13 0.0
13 0.0
13 0.0
13 0.0
13 71.34139102876257
13 0.0
13 0.0
13 0.0
13 0.0
13 0.0
13 64.08111895390167
13 0.0
13 0.0
13 125.10741091752107
13 0.0
13 0.0
13 0.0
13 153.3814937658772
13 0.0
13 0.0
13 0.0
13 67.17317170026938
13 0.0
13 65.10539939727974
13 0.0
13 0.0
13 0.0
13 0.0
13 60.61560444453793
13 0.0
13 0.0
13 0.0
13 0.0
13 114.75033364697849
13 0.0
13 0.0
13 0.0
13 77.34146716853152
13 0.0
13 0.0
13 0.0
13 0.0
13 0.0
13 51.68140289759395
13 0.0
13 0.0
13 0.0
13 0.0
13 0.0
13 0.0
13 0.0
13 0.0
13 0.0
13 0.0
13 0.0
13 0.0
13 0.0
13 0.0
13 0.0
13 0.0
13 0.0
13 60.66970356020556
13 0.0
13 0.0
13 0.0
13 0.0
13 36.162883541335354
13 0.0
13 0.0
13 53.53590764410702
13 0.0
13 0.0
13 0.0
13 0.0
13 0.0
13 0.0
13 0.0
13 0.0
13 0.0
13 0.0
13 0.0
13 37.700307998604174
13 0.0
13 0.0
13 0.0
13 0.0
13 50.451619664777105
13 0.0
13 0.0
13 0.0
13 0.0
13 0.0
13 0.0
13 0.0
13 0.0
13 0.0
13 0.0
13 0.0
13 0.0
13 0.0
13 0.0
13 97.71715010407502
13 0.0
13 0.0
13 0.0
13 0.0
13 0.0
13 0.0
13 0.0
13 0.0
13 0.0
13 0.0
13 0.0
13 0.0
13 0.0
13 0.0
13 32.69716727940333
13 0.0
13 0.0
13 0.0
13 0.0
13 0.0
13 0.0
13 0.0
13 0.0
13 0.0
13 0.0
13 0.0
13 0.0
13 30.600067973970532
13 0.0
13 0.0
13 0.0
13 0.0
13 0.0
13 0.0
13 0.0
13 0.0
13 0.0
13 100.00115872473975
13 0.0
13 0.0
13 0.0
13 0.0
13 0.0
13 0.0
13 0.0
13 0.0
13 37.253265648305664
13 0.0
13 0.0
13 0.0
13 0.0
13 20.978797870040182
13 0.0
13 0.0
13 0.0
13 0.0
13 0.0
13 0.0
13 22.777411939579913
13 0.0
13 0.0
13 0.0
13 0.0
13 0.0
13 0.0
13 0.0
13 0.0
13 0.0
13 0.0
13 0.0
13 0.0
14 0.0
14 0.0
14 0.0
14 0.0
14 0.0
14 0.0
14 0.0
14 0.0
14 0.0
14 0.0
14 0.0
14 38.26725265536441
14 0.0
14 0.0
14 25.011197044853514
14 0.0
14 23.163066726464493
14 0.0
14 0.0
14 0.0
14 0.0
14 0.0
14 0.0
14 22.88481096293931
14 0.0
14 0.0
14 0.0
14 0.0
14 0.0
14 0.0
14 0.0
14 0.0
14 0.0
14 0.0
14 0.0
14 0.0
14 0.0
14 0.0
14 25.155632347300433
14 0.0
14 0.0
14 0.0
14 0.0
14 29.826549166365513
14 0.0
14 32.871358687501335
14 0.0
14 0.0
14 0.0
14 0.0
14 0.0
14 0.0
14 0.0
14 0.0
14 0.0
14 0.0
14 0.0
14 0.0
14 0.0
14 45.97793665991004
14 0.0
14 0.0
14 0.0
14 0.0
14 0.0
14 0.0
14 0.0
14 28.86263514793152
14 0.0
14 0.0
14 0.0
14 0.0
14 0.0
14 0.0
14 0.0
14 0.0
14 0.0
14 0.0
14 23.030848169706733
14 0.0
14 0.0
14 43.05066992769932
14 0.0
14 0.0
14 0.0
14 21.158625558320328
14 0.0
14 0.0
14 0.0
14 62.72445357740647
14 0.0
14 0.0
14 0.0
14 0.0
14 0.0
14 0.0
14 0.0
14 0.0
14 0.0
14 0.0
14 0.0
14 0.0
14 0.0
14 0.0
14 0.0
14 0.0
14 0.0
14 0.0
14 0.0
14 0.0
14 0.0
14 27.37799103178452
14 0.0
14 71.42767628149134
14 0.0
14 0.0
14 0.0
14 0.0
14 0.0
14 0.0
14 0.0
14 0.0
14 22.092502415898334
14 0.0
14 0.0
14 0.0
14 21.946842148144395
14 0.0
14 0.0
14 0.0
14 0.0
14 0.0
14 133.0656157460129
14 0.0
14 0.0
14 0.0
14 0.0
14 0.0
14 0.0
14 0.0
14 0.0
14 0.0
14 0.0
14 0.0
14 0.0
14 0.0
14 0.0
14 0.0
14 0.0
14 0.0
14 94.21361448045937
14 0.0
14 0.0
14 0.0
14 0.0
14 0.0
14 0.0
14 0.0
14 0.0
14 0.0
14 0.0
14 0.0
14 0.0
14 0.0
14 0.0
14 0.0
14 0.0
14 0.0
14 0.0
14 0.0
14 0.0
14 0.0
14 0.0
14 0.0
14 0.0
14 0.0
14 0.0
14 0.0
14 0.0
14 0.0
14 20.117342410840486
14 0.0
14 0.0
14 0.0
14 0.0
14 36.028977813248034
14 0.0
14 0.0
14 0.0
14 55.280637207799955
14 0.0
14 0.0
14 0.0
14 0.0
14 0.0
14 0.0
14 67.40119694002826
14 0.0
14 0.0
14 27.423303036167802
14 0.0
14 0.0
14 0.0
14 0.0
14 0.0
14 0.0
14 0.0
14 0.0
14 0.0
14 0.0
14 0.0
14 0.0
14 0.0
14 24.763303136908203
14 0.0
14 0.0
14 0.0
14 0.0
14 0.0
14 0.0
14 0.0
14 0.0
14 0.0
14 0.0
14 34.88639312615493
14 0.0
14 0.0
14 0.0
14 0.0
14 0.0
14 0.0
14 25.356057139481006
14 0.0
14 0.0
14 0.0
14 0.0
14 0.0
14 0.0
14 0.0
14 0.0
14 26.04441500861069
14 0.0
14 0.0
14 0.0
14 0.0
14 0.0
14 0.0
14 0.0
14 68.01149714518787
14 0.0
14 0.0
14 37.84813476623373
14 0.0
14 0.0
14 0.0
14 0.0
14 0.0
14 0.0
14 0.0
14 0.0
14 0.0
14 0.0
14 0.0
14 0.0
14 0.0
14 0.0
14 48.90635358582345
14 0.0
14 0.0
14 48.458895457185655
14 0.0
14 0.0
14 0.0
14 0.0
14 0.0
14 0.0
14 0.0
14 0.0
14 0.0
14 0.0
14 45.28907940137452
14 0.0
14 0.0
14 0.0
14 0.0
14 0.0
14 0.0
14 0.0
14 27.54971559912928
14 0.0
14 23.128912534491164
14 0.0
14 0.0
14 0.0
14 37.52832433724876
14 0.0
14 0.0
14 0.0
14 0.0
14 0.0
14 52.17544295251832
14 0.0
14 0.0
14 0.0
14 0.0
14 0.0
14 0.0
14 0.0
14 0.0
14 91.79383332012965
14 0.0
14 0.0
14 0.0
14 0.0
14 0.0
14 0.0
14 0.0
14 0.0
14 0.0
14 0.0
14 0.0
14 154.03439601262411
14 0.0
14 0.0
14 0.0
14 0.0
14 107.80015990161054
14 0.0
14 0.0
14 0.0
14 0.0
14 0.0
14 0.0
14 0.0
14 254.428749418363
14 0.0
14 0.0
14 36.536295310645535
14 0.0
14 0.0
14 40.25344591282032
14 0.0
14 0.0
14 0.0
14 0.0
14 0.0
14 48.97362372159628
14 0.0
14 0.0
14 24.848797190679264
14 0.0
14 0.0
14 0.0
14 0.0
14 25.29370676959972
14 0.0
14 0.0
14 0.0
14 0.0
14 0.0
14 0.0
14 0.0
14 0.0
14 0.0
14 0.0
14 0.0
14 0.0
14 89.40135984133126
14 0.0
14 0.0
14 0.0
14 0.0
14 30.07505258837005
14 0.0
14 0.0
14 0.0
14 0.0
14 0.0
14 0.0
14 0.0
14 0.0
14 0.0
14 0.0
14 20.81843734950554
14 0.0
14 0.0
14 0.0
14 0.0
14 0.0
14 59.25128952497012
14 0.0
14 0.0
14 40.517611996311636
14 0.0
14 0.0
14 0.0
14 0.0
14 0.0
14 0.0
14 0.0
14 0.0
14 0.0
14 27.092433494070303
14 0.0
14 0.0
14 0.0
14 0.0
14 0.0
14 0.0
14 0.0
14 0.0
14 0.0
14 0.0
14 0.0
14 95.88903593571386
14 0.0
14 0.0
14 0.0
14 0.0
14 0.0
14 0.0
14 0.0
14 0.0
14 0.0
14 33.10309502529421
14 0.0
14 0.0
14 0.0
14 0.0
14 0.0
14 0.0
14 0.0
14 0.0
14 30.414365520400384
14 0.0
14 0.0
14 0.0
14 0.0
14 0.0
14 0.0
14 0.0
14 0.0
14 0.0
14 0.0
14 0.0
14 0.0
14 0.0
14 0.0
14 0.0
14 0.0
14 0.0
14 66.39380196352573
14 0.0
14 0.0
14 0.0
14 49.18498152932939
14 0.0
14 0.0
14 0.0
14 0.0
14 0.0
14 0.0
14 0.0
14 0.0
14 0.0
14 0.0
14 22.22622247086838
14 0.0
14 0.0
14 37.98117031285792
14 0.0
14 0.0
14 0.0
14 0.0
14 0.0
14 0.0
14 0.0
14 0.0
14 0.0
14 0.0
14 0.0
14 0.0
14 0.0
14 78.7023579045838
14 0.0
14 0.0
14 0.0
14 0.0
14 0.0
14 28.479183921750806
14 0.0
14 0.0
14 0.0
14 0.0
14 20.85602778687509
14 0.0
14 0.0
14 32.30792085840068
14 0.0
14 0.0
14 0.0
14 0.0
14 0.0
14 0.0
14 0.0
14 0.0
14 0.0
14 43.65503115288181
14 0.0
14 0.0
14 0.0
14 0.0
14 0.0
14 0.0
14 0.0
14 0.0
14 0.0
14 0.0
14 0.0
14 0.0
14 0.0
14 0.0
14 0.0
14 0.0
14 0.0
14 0.0
14 0.0
14 0.0
14 0.0
14 0.0
14 21.189068545188224
14 0.0
14 0.0
14 0.0
14 0.0
14 0.0
14 0.0
14 0.0
14 110.11876510532423
14 0.0
14 0.0
14 0.0
14 0.0
14 0.0
14 0.0
14 0.0
14 0.0
14 0.0
14 26.35282912959355
14 0.0
14 0.0
14 45.87605957479188
14 0.0
14 0.0
14 0.0
14 0.0
14 0.0
14 0.0
14 0.0
14 0.0
14 0.0
14 0.0
14 0.0
14 0.0
14 77.78131108174709
14 0.0
14 0.0
14 0.0
14 0.0
14 0.0
14 0.0
14 0.0
14 0.0
14 0.0
14 0.0
14 0.0
14 0.0
14 0.0
14 0.0
14 0.0
14 0.0
14 73.73600147547347
14 0.0
14 0.0
14 0.0
14 0.0
14 0.0
14 0.0
14 0.0
14 29.2252582929879
14 0.0
14 0.0
14 0.0
14 0.0
14 0.0
14 0.0
14 0.0
14 0.0
14 0.0
14 0.0
14 51.55240686074019
14 0.0
14 0.0
14 0.0
14 0.0
14 0.0
14 0.0
14 0.0
14 41.271499016666006
14 0.0
14 0.0
14 0.0
14 0.0
14 0.0
14 0.0
14 0.0
14 0.0
14 0.0
14 0.0
14 0.0
14 0.0
14 0.0
14 0.0
14 0.0
14 0.0
14 0.0
14 66.8049564751764
14 0.0
14 0.0
14 0.0
14 0.0
14 0.0
14 0.0
14 0.0
14 0.0
14 0.0
14 0.0
14 32.77328436150315
14 0.0
14 29.49530776238712
14 0.0
14 0.0
14 0.0
14 0.0
14 0.0
14 0.0
14 0.0
14 26.41430552391445
14 0.0
14 0.0
14 0.0
14 41.61646393168042
14 0.0
14 0.0
14 0.0
14 0.0
14 0.0
14 0.0
14 0.0
14 57.34079526430601
14 0.0
14 0.0
14 0.0
14 0.0
14 27.909821823353077
14 0.0
14 0.0
14 0.0
14 0.0
14 0.0
14 21.538809784236914
14 0.0
14 0.0
14 0.0
14 0.0
14 0.0
14 0.0
14 51.08206127531388
14 0.0
14 0.0
14 0.0
14 0.0
14 0.0
14 0.0
14 0.0
14 0.0
14 0.0
14 0.0
14 0.0
14 0.0
14 0.0
14 0.0
14 0.0
14 0.0
14 0.0
14 0.0
14 0.0
14 0.0
14 68.21055042936675
14 0.0
14 0.0
14 0.0
14 0.0
14 36.80526190527178
14 0.0
14 0.0
14 0.0
14 0.0
14 0.0
14 20.715414061563177
14 0.0
14 0.0
14 0.0
14 0.0
14 0.0
14 31.832264758815562
14 0.0
14 0.0
14 62.525998973361105
14 0.0
14 0.0
14 0.0
14 0.0
14 0.0
14 0.0
14 39.985152899643474
14 0.0
14 0.0
14 0.0
14 64.94213572903877
14 0.0
14 0.0
14 0.0
14 0.0
14 0.0
14 0.0
14 54.49916966716399
14 0.0
14 0.0
14 0.0
14 0.0
14 0.0
14 0.0
14 0.0
14 0.0
14 26.39350022896992
14 0.0
14 0.0
14 0.0
14 0.0
14 0.0
14 59.54405175607035
14 0.0
14 0.0
14 0.0
14 0.0
14 0.0
14 0.0
14 0.0
14 0.0
14 0.0
14 0.0
14 0.0
14 0.0
14 0.0
14 0.0
14 26.1591965278693
14 0.0
14 0.0
14 0.0
14 0.0
14 0.0
14 0.0
14 0.0
14 0.0
14 0.0
14 0.0
14 0.0
14 88.15107202529907
14 0.0
14 0.0
14 0.0
14 0.0
14 0.0
14 0.0
14 0.0
14 0.0
14 0.0
14 0.0
14 64.6763125277838
14 0.0
14 0.0
14 0.0
14 0.0
14 56.45335718306658
14 0.0
14 0.0
14 0.0
14 41.7641560871469
14 0.0
14 0.0
14 0.0
14 0.0
14 0.0
14 21.349163702712662
14 0.0
14 0.0
14 0.0
14 0.0
14 0.0
14 0.0
14 0.0
14 0.0
14 0.0
14 0.0
14 31.190992223261127
14 0.0
14 0.0
14 0.0
14 0.0
14 0.0
14 0.0
14 68.58357089483277
14 0.0
14 0.0
14 0.0
14 0.0
14 43.888305050798756
14 0.0
14 0.0
14 0.0
14 0.0
14 0.0
14 0.0
14 54.90530360828746
14 0.0
14 0.0
14 0.0
14 22.46937712781031
14 0.0
14 0.0
14 0.0
14 0.0
14 40.4502607590241
14 0.0
14 0.0
14 0.0
14 0.0
14 0.0
14 0.0
14 28.241128878694184
14 0.0
14 0.0
14 0.0
14 45.28635141085955
14 0.0
14 0.0
14 0.0
14 0.0
14 0.0
14 0.0
14 0.0
14 0.0
14 0.0
14 0.0
14 0.0
14 0.0
14 0.0
14 0.0
14 0.0
14 0.0
14 0.0
14 0.0
14 0.0
14 30.982601478182037
14 0.0
14 28.653860054378843
14 0.0
14 0.0
14 0.0
14 0.0
14 0.0
14 0.0
14 0.0
14 0.0
14 0.0
14 0.0
14 0.0
14 0.0
14 0.0
14 58.20820105437076
14 0.0
14 0.0
14 0.0
14 0.0
14 0.0
14 0.0
14 0.0
14 0.0
14 0.0
14 0.0
14 0.0
14 0.0
14 0.0
14 0.0
14 0.0
14 24.374368763668635
14 0.0
14 0.0
14 0.0
14 0.0
14 28.47627143996346
14 0.0
14 26.74533945411593
14 0.0
14 0.0
14 0.0
14 0.0
14 32.990244607064234
14 0.0
14 0.0
14 0.0
14 0.0
14 0.0
14 0.0
14 0.0
14 0.0
14 0.0
14 0.0
14 0.0
14 0.0
14 0.0
14 0.0
14 0.0
14 0.0
14 0.0
14 110.0588292804323
14 0.0
14 0.0
14 0.0
14 0.0
14 0.0
14 0.0
14 0.0
14 0.0
14 32.10644981357878
14 0.0
14 0.0
14 0.0
14 0.0
14 0.0
14 0.0
14 0.0
14 0.0
14 0.0
14 0.0
14 0.0
14 0.0
14 37.40122641219574
14 0.0
14 0.0
14 0.0
14 0.0
14 0.0
14 0.0
14 0.0
14 51.14871668030308
14 0.0
14 0.0
14 0.0
14 0.0
14 0.0
14 0.0
14 0.0
14 0.0
14 0.0
14 70.98749367981732
14 0.0
14 0.0
14 0.0
14 23.2632927327407
14 0.0
14 0.0
14 0.0
14 0.0
14 35.021594092010304
14 0.0
14 0.0
14 0.0
14 0.0
14 0.0
14 0.0
14 21.67874558600422
14 0.0
14 0.0
14 0.0
14 0.0
14 0.0
14 41.08393604984022
14 0.0
14 0.0
14 0.0
14 0.0
14 0.0
14 0.0
14 0.0
14 0.0
14 0.0
14 0.0
14 0.0
14 0.0
14 0.0
14 0.0
14 74.44529908514083
14 0.0
14 0.0
14 0.0
14 0.0
14 0.0
14 0.0
14 0.0
14 0.0
14 0.0
14 0.0
14 0.0
14 0.0
14 0.0
14 36.72768370942636
14 0.0
14 0.0
14 0.0
14 0.0
14 0.0
14 0.0
14 0.0
14 0.0
14 0.0
14 0.0
14 0.0
14 0.0
14 0.0
14 34.66614829348979
14 0.0
14 0.0
14 0.0
14 0.0
14 0.0
14 0.0
14 24.76866739142797
14 0.0
14 0.0
14 0.0
14 0.0
14 0.0
14 0.0
14 0.0
14 0.0
14 0.0
14 0.0
14 27.653413503387505
14 0.0
14 0.0
14 0.0
14 0.0
14 0.0
14 0.0
14 0.0
14 0.0
14 0.0
14 0.0
14 0.0
14 0.0
14 0.0
14 0.0
14 0.0
14 0.0
14 0.0
14 0.0
14 25.81475077464235
14 0.0
14 0.0
14 0.0
14 0.0
14 51.90068205741987
14 0.0
14 0.0
14 0.0
14 0.0
14 0.0
14 0.0
14 0.0
15 0.0
15 0.0
15 0.0
15 0.0
15 0.0
15 0.0
15 0.0
15 50.35535054567071
15 0.0
15 0.0
15 0.0
15 0.0
15 21.633864749561656
15 0.0
15 0.0
15 0.0
15 0.0
15 0.0
15 0.0
15 0.0
15 0.0
15 0.0
15 0.0
15 0.0
15 0.0
15 0.0
15 40.80131281805302
15 0.0
15 0.0
15 0.0
15 0.0
15 0.0
15 0.0
15 0.0
15 0.0
15 0.0
15 0.0
15 0.0
15 0.0
15 0.0
15 24.00023461194863
15 0.0
15 0.0
15 68.73814542558458
15 0.0
15 0.0
15 0.0
15 0.0
15 0.0
15 0.0
15 0.0
15 58.492541620829336
15 0.0
15 0.0
15 0.0
15 0.0
15 0.0
15 0.0
15 0.0
15 0.0
15 0.0
15 0.0
15 24.958363455413973
15 0.0
15 0.0
15 0.0
15 0.0
15 0.0
15 0.0
15 0.0
15 0.0
15 0.0
15 0.0
15 36.18545364251423
15 0.0
15 0.0
15 0.0
15 0.0
15 0.0
15 21.322861805952737
15 0.0
15 0.0
15 0.0
15 0.0
15 0.0
15 0.0
15 0.0
15 0.0
15 0.0
15 0.0
15 102.15155472799584
15 0.0
15 0.0
15 0.0
15 0.0
15 0.0
15 0.0
15 0.0
15 0.0
15 0.0
15 0.0
15 0.0
15 0.0
15 0.0
15 0.0
15 0.0
15 0.0
15 0.0
15 0.0
15 0.0
15 0.0
15 0.0
15 0.0
15 0.0
15 23.32325179482195
15 0.0
15 0.0
15 0.0
15 0.0
15 0.0
15 61.605653065997686
15 0.0
15 0.0
15 0.0
15 0.0
15 0.0
15 54.37750475448475
15 0.0
15 0.0
15 0.0
15 0.0
15 0.0
15 0.0
15 0.0
15 0.0
15 0.0
15 0.0
15 0.0
15 0.0
15 100.82075493311257
15 0.0
15 0.0
15 0.0
15 0.0
15 0.0
15 0.0
15 0.0
15 0.0
15 54.20240365615999
15 0.0
15 0.0
15 27.426313609028323
15 0.0
15 0.0
15 0.0
15 0.0
15 0.0
15 0.0
15 0.0
15 0.0
15 0.0
15 0.0
15 0.0
15 0.0
15 0.0
15 0.0
15 0.0
15 54.20810928013836
15 0.0
15 0.0
15 0.0
15 0.0
15 0.0
15 0.0
15 0.0
15 0.0
15 0.0
15 0.0
15 0.0
15 0.0
15 0.0
15 0.0
15 0.0
15 73.17054537684672
15 0.0
15 0.0
15 0.0
15 0.0
15 0.0
15 0.0
15 0.0
15 0.0
15 0.0
15 50.897009921796396
15 0.0
15 0.0
15 0.0
15 0.0
15 0.0
15 0.0
15 0.0
15 0.0
15 0.0
15 0.0
15 0.0
15 0.0
15 0.0
15 0.0
15 0.0
15 0.0
15 35.07200523576653
15 0.0
15 51.46721570646293
15 0.0
15 0.0
15 0.0
15 0.0
15 0.0
15 0.0
15 0.0
15 28.154213400492594
15 0.0
15 0.0
15 0.0
15 34.278382105647395
15 0.0
15 0.0
15 0.0
15 0.0
15 0.0
15 0.0
15 0.0
15 39.912326969564916
15 0.0
15 0.0
15 0.0
15 0.0
15 0.0
15 0.0
15 28.161522782332188
15 0.0
15 0.0
15 0.0
15 0.0
15 0.0
15 0.0
15 0.0
15 0.0
15 0.0
15 0.0
15 87.46148163740943
15 0.0
15 0.0
15 0.0
15 0.0
15 0.0
15 31.238541897039237
15 0.0
15 0.0
15 0.0
15 0.0
15 0.0
15 0.0
15 0.0
15 0.0
15 0.0
15 0.0
15 0.0
15 0.0
15 0.0
15 0.0
15 21.799562514911997
15 0.0
15 0.0
15 0.0
15 51.49332283050057
15 0.0
15 0.0
15 0.0
15 0.0
15 0.0
15 0.0
15 0.0
15 62.37834201349276
15 0.0
15 0.0
15 0.0
15 0.0
15 0.0
15 0.0
15 0.0
15 0.0
15 0.0
15 0.0
15 0.0
15 0.0
15 0.0
15 0.0
15 21.248582979517245
15 0.0
15 0.0
15 0.0
15 0.0
15 0.0
15 0.0
15 0.0
15 42.94817480827843
15 0.0
15 0.0
15 0.0
15 0.0
15 0.0
15 0.0
15 0.0
15 0.0
15 0.0
15 0.0
15 54.36133218869208
15 0.0
15 0.0
15 0.0
15 0.0
15 0.0
15 0.0
15 0.0
15 0.0
15 0.0
15 55.10291431421726
15 0.0
15 0.0
15 0.0
15 86.56895026356341
15 0.0
15 0.0
15 0.0
15 0.0
15 0.0
15 24.49215705211346
15 0.0
15 0.0
15 20.936087135825296
15 0.0
15 0.0
15 0.0
15 0.0
15 0.0
15 0.0
15 0.0
15 0.0
15 26.249922844773206
15 0.0
15 0.0
15 0.0
15 0.0
15 0.0
15 0.0
15 0.0
15 21.01447626731405
15 0.0
15 0.0
15 0.0
15 0.0
15 0.0
15 0.0
15 0.0
15 0.0
15 0.0
15 0.0
15 0.0
15 25.39419842975727
15 0.0
15 0.0
15 0.0
15 0.0
15 0.0
15 0.0
15 73.52442214789305
15 0.0
15 0.0
15 0.0
15 0.0
15 0.0
15 0.0
15 0.0
15 22.076009439019597
15 0.0
15 0.0
15 0.0
15 0.0
15 0.0
15 0.0
15 0.0
15 0.0
15 0.0
15 0.0
15 0.0
15 43.9157097371762
15 0.0
15 0.0
15 0.0
15 0.0
15 0.0
15 0.0
15 0.0
15 0.0
15 0.0
15 0.0
15 34.382486791885974
15 0.0
15 0.0
15 0.0
15 0.0
15 0.0
15 0.0
15 0.0
15 0.0
15 0.0
15 0.0
15 0.0
15 0.0
15 0.0
15 0.0
15 0.0
15 49.076851707830414
15 0.0
15 0.0
15 0.0
15 0.0
15 0.0
15 0.0
15 0.0
15 0.0
15 0.0
15 0.0
15 0.0
15 0.0
15 127.8956509702154
15 0.0
15 0.0
15 0.0
15 0.0
15 0.0
15 31.643443647337836
15 0.0
15 0.0
15 33.07340756476894
15 0.0
15 0.0
15 0.0
15 0.0
15 0.0
15 0.0
15 0.0
15 0.0
15 0.0
15 0.0
15 0.0
15 0.0
15 0.0
15 0.0
15 21.834395718709732
15 0.0
15 0.0
15 0.0
15 0.0
15 0.0
15 0.0
15 0.0
15 0.0
15 0.0
15 0.0
15 0.0
15 114.83754878087875
15 0.0
15 0.0
15 0.0
15 0.0
15 0.0
15 0.0
15 0.0
15 0.0
15 0.0
15 0.0
15 0.0
15 0.0
15 0.0
15 0.0
15 37.94830376201907
15 0.0
15 0.0
15 0.0
15 0.0
15 0.0
15 0.0
15 0.0
15 0.0
15 0.0
15 0.0
15 0.0
15 72.63112176574559
15 0.0
15 0.0
15 0.0
15 0.0
15 0.0
15 0.0
15 0.0
15 0.0
15 0.0
15 0.0
15 0.0
15 35.89381943823586
15 0.0
15 0.0
15 0.0
15 0.0
15 0.0
15 0.0
15 0.0
15 0.0
15 0.0
15 0.0
15 0.0
15 0.0
15 0.0
15 57.749033793489986
15 0.0
15 0.0
15 0.0
15 0.0
15 0.0
15 0.0
15 0.0
15 123.61084404882786
15 0.0
15 0.0
15 0.0
15 0.0
15 0.0
15 0.0
15 0.0
15 0.0
15 89.82581195648777
15 0.0
15 0.0
15 0.0
15 0.0
15 0.0
15 0.0
15 0.0
15 171.3351499938965
15 0.0
15 0.0
15 67.60023531546959
15 0.0
15 130.60417862970638
15 0.0
15 0.0
15 0.0
15 0.0
15 135.2247447049097
15 0.0
15 0.0
15 0.0
15 0.0
15 21.305850346883137
15 0.0
15 0.0
15 0.0
15 0.0
15 0.0
15 44.737418254321774
15 0.0
15 0.0
15 0.0
15 58.320739316235624
15 0.0
15 89.22594810081517
15 0.0
15 0.0
15 0.0
15 0.0
15 0.0
15 0.0
15 0.0
15 0.0
15 0.0
15 0.0
15 0.0
15 26.130107066025435
15 0.0
15 0.0
15 0.0
15 0.0
15 0.0
15 0.0
15 0.0
15 0.0
15 0.0
15 0.0
15 68.71588391294846
15 0.0
15 0.0
15 0.0
15 0.0
15 0.0
15 0.0
15 0.0
15 0.0
15 0.0
15 0.0
15 0.0
15 0.0
15 40.61950717189095
15 0.0
15 0.0
15 0.0
15 0.0
15 0.0
15 0.0
15 0.0
15 0.0
15 44.97223068166662
15 0.0
15 46.22976645561957
15 0.0
15 0.0
15 0.0
15 0.0
15 0.0
15 0.0
15 0.0
15 0.0
15 0.0
15 0.0
15 0.0
15 0.0
15 46.344806173296575
15 0.0
15 0.0
15 0.0
15 0.0
15 0.0
15 0.0
15 0.0
15 0.0
15 0.0
15 0.0
15 0.0
15 0.0
15 57.51890603791583
15 0.0
15 0.0
15 0.0
15 0.0
15 0.0
15 0.0
15 0.0
15 0.0
15 0.0
15 0.0
15 62.87208025743062
15 0.0
15 0.0
15 0.0
15 0.0
15 0.0
15 0.0
15 0.0
15 0.0
15 0.0
15 0.0
15 0.0
15 0.0
15 59.37081760295853
15 0.0
15 0.0
15 0.0
15 0.0
15 0.0
15 0.0
15 0.0
15 0.0
15 33.99365448797903
15 0.0
15 0.0
15 0.0
15 0.0
15 0.0
15 0.0
15 0.0
15 0.0
15 66.24332607894878
15 0.0
15 0.0
15 0.0
15 0.0
15 0.0
15 0.0
15 0.0
15 0.0
15 0.0
15 32.75080040779233
15 0.0
15 0.0
15 0.0
15 0.0
15 0.0
15 26.666989585991097
15 0.0
15 0.0
15 60.178061758453524
15 0.0
15 0.0
15 0.0
15 0.0
15 63.881201346815004
15 0.0
15 0.0
15 0.0
15 0.0
15 0.0
15 0.0
15 0.0
15 0.0
15 0.0
15 0.0
15 0.0
15 21.999229248054707
15 0.0
15 30.278442621976136
15 0.0
15 0.0
15 45.504445658651406
15 0.0
15 0.0
15 0.0
15 0.0
15 0.0
15 0.0
15 0.0
15 0.0
15 0.0
15 0.0
15 0.0
15 42.93264917972967
15 0.0
15 0.0
15 0.0
15 40.97588329182731
15 0.0
15 0.0
15 0.0
15 0.0
15 0.0
15 0.0
15 0.0
15 0.0
15 0.0
15 0.0
15 0.0
15 0.0
15 0.0
15 0.0
15 0.0
15 0.0
15 0.0
15 0.0
15 0.0
15 44.355550698319185
15 0.0
15 0.0
15 0.0
15 0.0
15 43.4841538450453
15 0.0
15 0.0
15 0.0
15 0.0
15 0.0
15 0.0
15 0.0
15 0.0
15 0.0
15 0.0
15 0.0
15 0.0
15 0.0
15 0.0
15 0.0
15 0.0
15 22.274122905179944
15 0.0
15 0.0
15 0.0
15 0.0
15 50.17868496531747
15 0.0
15 0.0
15 0.0
15 0.0
15 0.0
15 0.0
15 0.0
15 92.86201340896385
15 0.0
15 0.0
15 0.0
15 0.0
15 0.0
15 39.04381074938168
15 0.0
15 0.0
15 0.0
15 0.0
15 26.22153467800095
15 0.0
15 0.0
15 0.0
15 0.0
15 0.0
15 0.0
15 0.0
15 0.0
15 41.64501818555709
15 0.0
15 0.0
15 0.0
15 0.0
15 0.0
15 0.0
15 28.33746675899831
15 0.0
15 0.0
15 0.0
15 39.80996698460848
15 0.0
15 0.0
15 0.0
15 0.0
15 0.0
15 0.0
15 0.0
15 0.0
15 0.0
15 0.0
15 0.0
15 0.0
15 0.0
15 0.0
15 21.04464845019063
15 0.0
15 0.0
15 0.0
15 0.0
15 0.0
15 24.353905738478176
15 0.0
15 0.0
15 0.0
15 58.93980212569237
15 0.0
15 0.0
15 0.0
15 26.395137187784368
15 0.0
15 0.0
15 0.0
15 0.0
15 0.0
15 0.0
15 0.0
15 0.0
15 0.0
15 0.0
15 0.0
15 0.0
15 0.0
15 0.0
15 0.0
15 31.912118214250402
15 0.0
15 0.0
15 0.0
15 0.0
15 69.4097994944846
15 0.0
15 0.0
15 0.0
15 0.0
15 0.0
15 0.0
15 0.0
15 47.19690776407049
15 0.0
15 0.0
15 21.255349267347185
15 0.0
15 0.0
15 0.0
15 0.0
15 0.0
15 0.0
15 0.0
15 0.0
15 0.0
15 0.0
15 0.0
15 0.0
15 36.517805017896656
15 0.0
15 0.0
15 0.0
15 0.0
15 0.0
15 0.0
15 0.0
15 56.53227904290162
15 0.0
15 0.0
15 0.0
15 22.55332157611847
15 0.0
15 0.0
15 0.0
15 0.0
15 0.0
15 0.0
15 0.0
15 0.0
15 0.0
15 41.641945550302125
15 0.0
15 0.0
15 0.0
15 37.602655445974484
15 0.0
15 0.0
15 0.0
15 0.0
15 0.0
15 0.0
15 0.0
15 0.0
15 0.0
15 0.0
15 0.0
15 0.0
