0 -1 -1
0 -1 6
0 -1 10
0 -1 2
0 -1 5
-1 -1 -1
-1 -1 -1
-1 -1 -1
-1 -1 4
-1 -1 9
-1 -1 -1
-1 -1 -1
-1 -1 -1
-1 -1 2
-1 -1 2
-1 -1 -1
-1 -1 2
-1 -1 -1
-1 -1 -1
-1 -1 -1
1 -1 -1
1 -1 -1
1 -1 -1
1 -1 -1
1 -1 -1
1 -1 -1
1 -1 -1
1 -1 -1
1 -1 -1
1 -1 -1
1 0 -1
1 0 -1
1 0 -1
1 0 10
1 0 -1
1 0 -1
1 0 9
1 0 -1
1 0 -1
1 0 -1
1 0 -1
1 0 -1
1 0 -1
1 0 -1
1 0 2
1 0 2
1 0 -1
1 0 -1
1 0 -1
1 0 -1
1 0 -1
1 0 8
1 0 -1
1 0 3
1 0 10
1 0 -1
1 0 -1
1 0 -1
1 0 -1
1 0 -1
1 -1 -1
1 -1 -1
1 -1 -1
1 -1 0
1 -1 10
1 1 10
1 1 0
1 1 -1
1 1 -1
1 1 3
1 1 -1
1 1 -1
1 1 -1
1 1 -1
1 1 -1
1 1 -1
1 1 -1
1 1 9
1 1 1
1 1 9
1 1 10
1 1 -1
1 1 2
1 1 10
1 1 -1
1 1 4
1 1 -1
1 1 -1
1 1 -1
1 1 -1
1 1 -1
1 1 -1
1 1 -1
1 1 -1
1 1 -1
1 -1 -1
1 -1 -1
1 -1 -1
1 -1 -1
1 -1 2
1 2 -1
1 2 8
1 2 -1
1 2 9
1 2 -1
1 2 -1
1 2 -1
1 2 -1
1 2 -1
1 2 10
1 2 10
1 2 10
1 2 10
1 2 -1
1 2 -1
1 2 -1
1 2 -1
1 2 -1
1 2 -1
1 2 -1
1 2 -1
1 2 -1
1 2 2
1 2 10
1 2 10
1 -1 9
1 -1 -1
1 -1 -1
1 -1 -1
1 -1 -1
1 3 -1
1 3 -1
1 3 -1
1 3 3
1 3 -1
1 3 -1
1 3 -1
1 3 -1
1 3 9
1 3 2
1 3 2
1 3 2
1 3 3
1 3 -1
1 3 -1
1 3 -1
1 3 -1
1 3 9
1 3 9
1 3 -1
1 -1 -1
1 -1 -1
1 -1 9
1 -1 10
1 -1 -1
0 4 10
0 4 3
0 4 -1
0 4 -1
0 4 5
0 4 -1
0 4 -1
0 4 -1
0 4 -1
0 4 5
0 4 -1
0 4 -1
0 4 -1
0 4 -1
0 4 -1
0 4 -1
0 4 -1
0 4 -1
0 4 -1
0 4 6
1 4 -1
1 4 -1
1 4 6
1 4 8
1 4 -1
0 4 -1
0 4 -1
0 4 -1
0 4 -1
0 4 10
0 4 -1
0 4 -1
0 4 -1
0 4 10
0 4 -1
0 4 5
0 4 -1
0 4 -1
0 4 -1
0 4 -1
0 4 5
0 4 -1
0 4 0
0 4 -1
0 4 -1
1 -1 -1
1 -1 0
1 -1 9
1 -1 5
1 -1 -1
1 5 -1
1 5 -1
1 5 10
1 5 -1
1 5 9
1 5 8
1 5 -1
1 5 -1
1 5 -1
1 5 -1
1 5 10
1 5 -1
1 5 -1
1 5 -1
1 5 -1
1 5 -1
1 5 2
1 5 -1
1 5 -1
1 5 -1
1 5 -1
1 5 -1
1 5 -1
1 5 -1
1 5 -1
1 5 -1
1 5 -1
1 5 -1
1 5 -1
1 5 -1
1 5 4
1 5 10
1 5 -1
1 5 -1
1 5 6
1 -1 10
1 -1 -1
1 -1 3
1 -1 10
1 -1 10
1 6 10
1 6 5
1 6 -1
1 6 -1
1 6 -1
1 6 10
1 6 -1
1 6 -1
1 6 -1
1 6 -1
1 6 10
1 6 -1
1 6 10
1 6 10
1 6 10
1 6 10
1 6 10
1 6 -1
1 6 -1
1 6 -1
1 6 -1
1 6 -1
1 6 -1
1 6 -1
1 6 -1
1 6 9
1 6 -1
1 6 2
1 6 -1
1 6 -1
1 -1 -1
1 -1 10
1 -1 -1
1 -1 -1
1 -1 -1
1 7 8
1 7 -1
1 7 -1
1 7 -1
1 7 8
1 7 -1
1 7 -1
1 7 -1
1 7 3
1 7 -1
1 -1 -1
1 -1 -1
1 -1 10
1 -1 -1
1 -1 -1
0 8 10
0 8 -1
0 8 10
0 8 10
0 8 -1
0 8 2
0 8 9
0 8 -1
0 8 -1
0 8 -1
0 8 -1
0 8 -1
0 8 -1
0 8 -1
0 8 -1
0 8 -1
0 8 -1
0 8 -1
0 8 -1
0 8 -1
0 8 -1
0 8 5
0 8 0
0 8 -1
0 8 -1
0 8 -1
0 8 -1
0 8 -1
0 8 -1
0 8 -1
0 8 -1
0 8 -1
0 8 -1
0 8 -1
0 8 -1
0 8 -1
0 8 -1
0 8 -1
0 8 -1
0 8 -1
0 8 2
0 8 -1
0 8 -1
0 8 -1
0 8 5
0 8 -1
0 8 -1
0 8 10
0 8 -1
0 8 -1
0 8 -1
0 8 -1
0 8 -1
0 8 -1
0 8 -1
0 8 10
0 8 -1
0 8 -1
0 8 -1
0 8 2
0 8 -1
0 8 10
0 8 10
0 8 -1
0 8 -1
0 8 -1
0 8 -1
0 8 -1
0 8 -1
0 8 -1
0 8 -1
0 8 -1
0 8 -1
0 8 -1
0 8 -1
0 8 9
0 8 -1
0 8 -1
0 8 5
0 8 -1
0 8 -1
0 8 -1
0 8 -1
0 8 5
0 8 -1
0 8 -1
0 8 -1
0 8 -1
0 8 -1
0 8 5
0 8 -1
0 8 -1
0 8 -1
0 8 -1
0 8 -1
0 8 -1
0 8 -1
0 8 -1
0 8 -1
0 8 -1
0 8 -1
0 8 -1
0 8 -1
0 8 -1
0 8 5
0 8 5
0 8 -1
0 8 5
0 8 -1
0 8 3
1 -1 -1
1 -1 -1
1 -1 -1
1 -1 -1
1 -1 3
1 9 9
1 9 -1
1 9 9
1 9 10
1 9 -1
1 9 -1
1 9 3
1 9 -1
1 9 -1
1 9 -1
1 9 4
1 9 -1
1 9 10
1 9 -1
1 9 -1
1 9 10
1 9 -1
1 9 9
1 9 10
1 9 -1
1 9 -1
1 9 -1
1 9 6
1 9 3
1 9 10
1 -1 9
1 -1 -1
1 -1 -1
1 -1 -1
1 -1 5
0 10 -1
0 10 -1
0 10 -1
0 10 -1
0 10 -1
0 10 -1
0 10 -1
0 10 -1
0 10 -1
0 10 -1
0 10 3
0 10 -1
0 10 -1
0 10 -1
0 10 5
0 10 -1
0 10 -1
0 10 -1
0 10 -1
0 10 -1
0 10 -1
0 10 -1
0 10 -1
0 10 -1
0 10 -1
0 10 -1
0 10 -1
0 10 10
0 10 -1
0 10 -1
0 10 -1
0 10 -1
0 10 -1
0 10 -1
0 10 -1
0 10 -1
0 10 -1
0 10 -1
0 10 -1
0 10 5
0 10 -1
0 10 -1
0 10 -1
0 10 -1
0 10 -1
0 10 -1
0 10 -1
0 10 2
0 10 -1
0 10 -1
0 10 -1
0 10 -1
0 10 -1
0 10 5
0 10 -1
0 10 -1
0 10 -1
0 10 -1
0 10 -1
0 10 -1
0 10 -1
0 10 -1
0 10 -1
0 10 9
0 10 -1
0 -1 -1
0 -1 -1
0 -1 -1
0 -1 -1
0 -1 -1
0 11 -1
0 11 -1
0 11 -1
0 11 -1
0 11 -1
0 11 -1
0 11 -1
0 11 5
0 11 -1
0 11 -1
0 11 -1
0 11 -1
0 11 -1
0 11 -1
0 11 3
0 11 -1
0 11 -1
0 11 -1
0 11 -1
0 11 -1
1 11 -1
1 11 6
1 11 2
1 11 2
1 11 10
1 11 -1
1 11 -1
1 11 2
1 11 10
1 11 -1
1 11 -1
1 11 -1
1 11 -1
1 11 5
1 11 -1
1 11 -1
1 11 -1
1 11 -1
1 11 -1
1 11 -1
1 11 -1
1 11 -1
1 11 -1
1 11 -1
1 11 9
1 11 -1
1 11 -1
1 11 -1
1 11 4
1 11 10
1 11 -1
1 11 -1
1 11 -1
1 11 -1
1 11 8
1 11 -1
1 11 -1
1 11 -1
1 11 3
1 11 -1
1 11 -1
1 11 10
1 11 -1
1 11 -1
1 11 -1
1 11 2
1 11 -1
1 11 -1
1 11 10
1 11 3
1 11 -1
1 11 -1
1 11 -1
1 11 -1
1 11 -1
1 11 8
1 11 -1
1 11 -1
1 11 -1
1 11 2
1 -1 -1
1 -1 -1
1 -1 -1
1 -1 10
1 -1 -1
0 12 -1
0 12 5
0 12 -1
0 12 -1
0 12 3
0 12 -1
0 12 -1
0 12 -1
0 12 -1
0 12 -1
0 12 -1
0 12 -1
0 12 -1
0 12 -1
0 12 -1
0 12 6
0 12 -1
0 12 -1
0 12 6
0 12 -1
0 12 -1
0 12 -1
0 12 -1
0 12 5
0 12 -1
0 -1 -1
0 -1 -1
0 -1 -1
0 -1 -1
0 -1 -1
0 13 -1
0 13 -1
0 13 -1
0 13 -1
0 13 -1
0 13 5
0 13 -1
0 13 6
0 13 -1
0 13 -1
0 13 -1
0 13 -1
0 13 -1
0 13 -1
0 13 -1
0 13 5
0 13 -1
0 13 -1
0 13 -1
0 13 -1
0 13 -1
0 13 -1
0 13 -1
0 13 -1
0 13 -1
0 13 -1
0 13 -1
0 13 6
0 13 -1
0 13 -1
0 13 -1
0 13 -1
0 13 -1
0 13 -1
0 13 -1
0 13 -1
0 13 -1
0 13 -1
0 13 -1
0 13 -1
0 13 -1
0 13 -1
0 13 -1
0 13 -1
0 13 -1
0 13 -1
0 13 -1
0 13 -1
0 13 -1
0 13 -1
0 -1 -1
0 -1 -1
0 -1 5
0 -1 -1
0 -1 -1
0 14 -1
0 14 5
0 14 -1
0 14 5
0 14 -1
0 14 5
0 14 -1
0 14 -1
0 14 -1
0 14 -1
0 14 -1
0 14 -1
0 14 -1
0 14 -1
0 14 -1
0 14 -1
0 14 -1
0 14 -1
0 14 -1
0 14 -1
0 14 -1
0 14 -1
0 14 2
0 14 -1
0 14 -1
0 14 10
0 14 -1
0 14 2
0 14 -1
0 14 -1
0 14 10
0 14 2
0 14 -1
0 14 -1
0 14 2
0 14 -1
0 14 -1
0 14 -1
0 14 -1
0 14 -1
0 14 -1
0 14 -1
0 14 -1
0 14 -1
0 14 -1
0 14 -1
0 14 -1
0 14 -1
0 14 -1
0 14 -1
0 14 2
0 14 2
0 14 -1
0 14 -1
0 14 -1
0 14 -1
0 14 -1
0 14 2
0 14 -1
0 14 -1
0 14 -1
0 14 -1
0 14 -1
0 14 2
0 14 -1
0 -1 -1
0 -1 5
0 -1 -1
0 -1 -1
0 -1 -1
0 15 -1
0 15 -1
0 15 3
0 15 5
0 15 2
0 -1 2
0 -1 -1
0 -1 -1
0 -1 2
0 -1 10
0 16 -1
0 16 -1
0 16 2
0 16 -1
0 16 -1
0 16 -1
0 16 -1
0 16 -1
0 16 -1
0 16 -1
0 16 -1
0 16 -1
0 16 -1
0 16 -1
0 16 -1
0 16 -1
0 16 -1
0 16 -1
0 16 6
0 16 -1
0 16 -1
0 16 -1
0 16 -1
0 16 -1
0 16 -1
0 16 -1
0 16 -1
0 16 -1
0 16 0
0 16 -1
0 16 -1
0 16 -1
0 16 -1
0 16 5
0 16 -1
0 16 -1
0 16 -1
0 16 -1
0 16 -1
0 16 -1
1 16 5
1 16 -1
1 16 -1
1 16 -1
1 16 -1
1 -1 9
1 -1 -1
1 -1 9
1 -1 10
1 -1 -1
1 17 -1
1 17 -1
1 17 3
1 17 3
1 17 -1
1 17 -1
1 17 3
1 17 -1
1 17 3
1 17 3
1 17 -1
1 17 3
1 17 -1
1 17 -1
1 17 10
1 17 10
1 17 3
1 17 10
1 17 3
1 17 -1
1 17 -1
1 17 10
1 17 -1
1 17 -1
1 17 6
1 17 -1
1 17 -1
1 17 -1
1 17 -1
1 17 6
1 17 -1
1 17 -1
1 17 -1
1 17 -1
1 17 -1
1 17 -1
1 17 3
1 17 -1
1 17 -1
1 17 -1
1 17 -1
1 17 3
1 17 -1
1 17 -1
1 17 -1
1 -1 2
1 -1 -1
1 -1 9
1 -1 -1
1 -1 -1
1 18 -1
1 18 -1
1 18 9
1 18 10
1 18 4
1 -1 -1
1 -1 -1
1 -1 -1
1 -1 10
1 -1 -1
0 19 -1
0 19 -1
0 19 -1
0 19 -1
0 19 -1
0 19 -1
0 19 -1
0 19 -1
0 19 -1
0 19 -1
0 19 -1
0 19 -1
0 19 -1
0 19 -1
0 19 -1
0 19 -1
0 19 -1
0 19 -1
0 19 -1
0 19 -1
0 19 -1
0 19 -1
0 19 -1
0 19 -1
0 19 -1
0 19 -1
0 19 -1
0 19 -1
0 19 -1
0 19 -1
0 19 -1
0 19 -1
0 19 6
0 19 -1
0 19 -1
0 19 -1
0 19 -1
0 19 -1
0 19 -1
0 19 -1
0 19 -1
0 19 -1
0 19 5
0 19 -1
0 19 -1
0 19 -1
0 19 -1
0 19 -1
0 19 -1
0 19 -1
0 19 -1
0 19 -1
0 19 -1
0 19 -1
0 19 -1
0 19 -1
0 19 -1
0 19 -1
0 19 -1
0 19 -1
0 19 -1
0 19 -1
0 19 -1
0 19 -1
0 19 -1
0 19 -1
0 19 -1
0 19 -1
0 19 -1
0 19 -1
1 19 -1
1 19 -1
1 19 9
1 19 2
1 19 -1
0 -1 -1
0 -1 -1
0 -1 -1
0 -1 -1
0 -1 -1
0 20 -1
0 20 -1
0 20 -1
0 20 -1
0 20 10
1 20 10
1 20 -1
1 20 -1
1 20 -1
1 20 -1
0 20 -1
0 20 -1
0 20 -1
0 20 -1
0 20 -1
1 20 -1
1 20 -1
1 20 -1
1 20 -1
1 20 -1
1 20 -1
1 20 -1
1 20 -1
1 20 -1
1 20 -1
1 20 5
1 20 -1
1 20 10
1 20 2
1 20 2
1 20 2
1 20 2
1 20 -1
1 20 -1
1 20 -1
1 20 10
1 20 10
1 20 8
1 20 -1
1 20 -1
1 -1 8
1 -1 -1
1 -1 -1
1 -1 4
1 -1 -1
1 21 -1
1 21 -1
1 21 -1
1 21 -1
1 21 -1
1 21 -1
1 21 -1
1 21 -1
1 21 -1
1 21 9
1 21 6
1 21 2
1 21 10
1 21 -1
1 21 -1
0 21 -1
0 21 -1
0 21 -1
0 21 -1
0 21 -1
1 21 -1
1 21 -1
1 21 -1
1 21 9
1 21 2
1 21 2
1 21 -1
1 21 -1
1 21 -1
1 21 -1
0 21 -1
0 21 -1
0 21 -1
0 21 -1
0 21 -1
0 21 -1
0 21 -1
0 21 -1
0 21 -1
0 21 -1
0 21 -1
0 21 -1
0 21 -1
0 21 -1
0 21 -1
0 21 -1
0 21 -1
0 21 -1
0 21 -1
0 21 5
0 21 -1
0 21 -1
0 21 -1
0 21 -1
0 21 -1
1 21 -1
1 21 -1
1 21 -1
1 21 -1
1 21 -1
1 21 -1
1 21 -1
1 21 -1
1 21 -1
1 21 -1
0 21 -1
0 21 -1
0 21 -1
0 21 -1
0 21 -1
1 21 10
1 21 -1
1 21 -1
1 21 -1
1 21 -1
1 -1 -1
1 -1 -1
1 -1 -1
1 -1 -1
1 -1 -1
1 22 -1
1 22 -1
1 22 2
1 22 -1
1 22 2
1 22 10
1 22 10
1 22 10
1 22 -1
1 22 -1
1 22 -1
1 22 10
1 22 10
1 22 -1
1 22 10
1 22 2
1 22 2
1 22 -1
1 22 -1
1 22 -1
1 22 -1
1 22 9
1 22 -1
1 22 10
1 22 4
0 22 10
0 22 10
0 22 -1
0 22 -1
0 22 -1
1 22 5
1 22 -1
1 22 8
1 22 -1
1 22 -1
1 22 10
1 22 -1
1 22 -1
1 22 10
1 22 -1
1 22 -1
1 22 -1
1 22 -1
1 22 5
1 22 -1
0 -1 -1
0 -1 -1
0 -1 -1
0 -1 -1
0 -1 -1
0 23 -1
0 23 -1
0 23 -1
0 23 -1
0 23 -1
0 23 -1
0 23 -1
0 23 -1
0 23 -1
0 23 -1
0 23 -1
0 23 -1
0 23 -1
0 23 -1
0 23 -1
0 23 -1
0 23 -1
0 23 -1
0 23 -1
0 23 -1
0 23 -1
0 23 -1
0 23 6
0 23 -1
0 23 -1
0 23 -1
0 23 -1
0 23 -1
0 23 -1
0 23 -1
0 23 -1
0 23 -1
0 23 -1
0 23 -1
0 23 -1
0 23 -1
0 23 -1
0 23 -1
0 23 -1
0 23 -1
0 23 -1
0 23 -1
0 23 -1
0 23 -1
0 23 -1
0 23 -1
0 23 -1
0 23 -1
0 23 -1
0 23 -1
1 23 -1
1 23 -1
1 23 -1
1 23 -1
1 23 -1
1 -1 -1
1 -1 10
1 -1 10
1 -1 -1
1 -1 -1
1 24 -1
1 24 -1
1 24 8
1 24 6
1 24 -1
1 -1 9
1 -1 -1
1 -1 -1
1 -1 -1
1 -1 -1
0 25 -1
0 25 -1
0 25 -1
0 25 -1
0 25 -1
0 25 -1
0 25 -1
0 25 -1
0 25 -1
0 25 -1
0 25 -1
0 25 -1
0 25 -1
0 25 -1
0 25 -1
0 25 -1
0 25 -1
0 25 -1
0 25 -1
0 25 -1
0 25 -1
0 25 -1
0 25 -1
0 25 -1
0 25 -1
0 25 -1
0 25 -1
0 25 -1
0 25 -1
0 25 10
0 25 10
0 25 2
0 25 10
0 25 2
0 25 -1
0 25 2
0 25 -1
0 25 -1
0 25 -1
0 25 -1
0 25 -1
0 25 -1
0 25 -1
0 25 -1
0 25 -1
0 25 -1
0 25 -1
0 25 5
0 25 -1
0 25 -1
1 -1 -1
1 -1 10
1 -1 10
1 -1 -1
1 -1 -1
0 26 -1
0 26 5
0 26 -1
0 26 -1
0 26 -1
0 26 -1
0 26 -1
0 26 -1
0 26 -1
0 26 -1
0 26 -1
0 26 -1
0 26 -1
0 26 -1
0 26 -1
0 26 -1
0 26 -1
0 26 -1
0 26 -1
0 26 -1
0 26 -1
0 26 -1
0 26 -1
0 26 -1
0 26 -1
0 26 5
0 26 -1
0 26 -1
0 26 -1
0 26 -1
0 26 5
0 26 -1
0 26 -1
0 26 -1
0 26 -1
1 26 -1
1 26 -1
1 26 -1
1 26 10
1 26 10
1 26 -1
1 26 -1
1 26 9
1 26 -1
1 26 -1
0 -1 -1
0 -1 -1
0 -1 -1
0 -1 -1
0 -1 -1
0 27 -1
0 27 -1
0 27 -1
0 27 -1
0 27 -1
0 27 -1
0 27 -1
0 27 -1
0 27 -1
0 27 -1
0 27 5
0 27 -1
0 27 -1
0 27 -1
0 27 -1
1 27 -1
1 27 -1
1 27 -1
1 27 -1
1 27 -1
0 27 0
0 27 -1
0 27 -1
0 27 -1
0 27 -1
0 27 -1
0 27 -1
0 27 -1
0 27 -1
0 27 -1
0 27 -1
0 27 -1
0 27 -1
0 27 -1
0 27 -1
0 27 -1
0 27 -1
0 27 -1
0 27 -1
0 27 -1
0 27 -1
0 27 -1
0 27 5
0 27 -1
0 27 -1
0 27 5
0 27 -1
0 27 -1
0 27 -1
0 27 -1
0 27 3
0 27 -1
0 27 -1
0 27 -1
0 27 -1
0 27 -1
0 27 -1
0 27 -1
0 27 -1
0 27 -1
1 -1 -1
1 -1 -1
1 -1 -1
1 -1 -1
1 -1 -1
1 28 3
1 28 -1
1 28 -1
1 28 -1
1 28 -1
1 28 9
1 28 -1
1 28 -1
1 28 -1
1 28 -1
1 28 10
1 28 10
1 28 10
1 28 3
1 28 8
1 28 -1
1 28 -1
1 28 -1
1 28 -1
1 28 8
1 -1 -1
1 -1 -1
1 -1 -1
1 -1 -1
1 -1 -1
0 29 -1
0 29 -1
0 29 -1
0 29 -1
0 29 -1
0 29 -1
0 29 -1
0 29 -1
0 29 -1
0 29 10
1 29 3
1 29 -1
1 29 10
1 29 -1
1 29 2
0 29 -1
0 29 -1
0 29 10
0 29 -1
0 29 -1
0 29 -1
0 29 -1
0 29 -1
0 29 -1
0 29 -1
0 29 10
0 29 -1
0 29 3
0 29 -1
0 29 3
0 29 -1
0 29 -1
0 29 -1
0 29 -1
0 29 5
1 29 -1
1 29 -1
1 29 9
1 29 8
1 29 4
1 -1 -1
1 -1 10
1 -1 -1
1 -1 -1
1 -1 -1
1 30 -1
1 30 3
1 30 9
1 30 -1
1 30 -1
1 -1 -1
1 -1 -1
1 -1 8
1 -1 10
1 -1 10
1 31 -1
1 31 -1
1 31 -1
1 31 -1
1 31 -1
1 31 6
1 31 -1
1 31 -1
1 31 -1
1 31 10
1 31 -1
1 31 -1
1 31 -1
1 31 -1
1 31 -1
1 31 -1
1 31 -1
1 31 -1
1 31 -1
1 31 -1
1 31 -1
1 31 -1
1 31 -1
1 31 -1
1 31 5
1 31 -1
1 31 -1
1 31 6
1 31 -1
1 31 -1
1 31 -1
1 31 -1
1 31 -1
1 31 10
1 31 10
1 31 -1
1 31 -1
1 31 -1
1 31 -1
1 31 -1
1 -1 -1
1 -1 -1
1 -1 -1
1 -1 8
1 -1 -1
1 32 -1
1 32 -1
1 32 -1
1 32 8
1 32 -1
1 32 -1
1 32 9
1 32 -1
1 32 -1
1 32 8
1 32 10
1 32 -1
1 32 2
1 32 2
1 32 -1
1 32 -1
1 32 -1
1 32 -1
1 32 -1
1 32 -1
1 32 -1
1 32 -1
1 32 -1
1 32 -1
1 32 8
1 32 -1
1 32 -1
1 32 -1
1 32 -1
1 32 -1
1 -1 -1
1 -1 -1
1 -1 -1
1 -1 -1
1 -1 2
1 33 5
1 33 -1
1 33 -1
1 33 3
1 33 10
1 33 -1
1 33 -1
1 33 -1
1 33 -1
1 33 -1
1 33 -1
1 33 10
1 33 -1
1 33 6
1 33 -1
1 33 2
1 33 2
1 33 5
1 33 -1
1 33 -1
1 33 -1
1 33 -1
1 33 3
1 33 -1
1 33 -1
1 33 -1
1 33 -1
1 33 -1
1 33 -1
1 33 10
1 33 -1
1 33 -1
1 33 -1
1 33 -1
1 33 -1
1 33 3
1 33 -1
1 33 10
1 33 -1
1 33 -1
1 33 3
1 33 -1
1 33 -1
1 33 -1
1 33 -1
1 33 -1
1 33 -1
1 33 9
1 33 -1
1 33 -1
1 33 -1
1 33 3
1 33 -1
1 33 -1
1 33 6
1 33 -1
1 33 9
1 33 -1
1 33 -1
1 33 -1
1 33 -1
1 33 -1
1 33 -1
1 33 -1
1 33 -1
0 -1 -1
0 -1 0
0 -1 -1
0 -1 -1
0 -1 -1
0 34 -1
0 34 5
0 34 -1
0 34 -1
0 34 -1
0 34 -1
0 34 -1
0 34 -1
0 34 -1
0 34 -1
0 34 -1
0 34 -1
0 34 -1
0 34 -1
0 34 -1
0 34 -1
0 34 -1
0 34 -1
0 34 -1
0 34 -1
0 34 -1
0 34 -1
0 34 -1
0 34 -1
0 34 -1
0 34 -1
0 34 -1
0 34 -1
0 34 -1
0 34 -1
0 34 -1
0 34 -1
0 34 -1
0 34 -1
0 34 -1
0 34 -1
0 34 -1
0 34 -1
0 34 -1
0 34 -1
0 34 -1
0 34 -1
0 34 -1
0 34 -1
0 34 -1
0 34 -1
0 34 -1
0 34 -1
0 34 -1
0 34 -1
0 34 -1
0 34 -1
0 34 4
0 34 -1
0 34 -1
1 -1 -1
1 -1 10
1 -1 -1
1 -1 -1
1 -1 -1
1 35 -1
1 35 -1
1 35 5
1 35 -1
1 35 -1
0 35 -1
0 35 3
0 35 -1
0 35 -1
0 35 -1
1 35 -1
1 35 -1
1 35 -1
1 35 -1
1 35 -1
1 35 -1
1 35 -1
1 35 -1
1 35 -1
1 35 -1
1 35 -1
1 35 -1
1 35 10
1 35 4
1 35 -1
1 35 -1
1 35 -1
1 35 -1
1 35 -1
1 35 -1
1 -1 -1
1 -1 3
1 -1 -1
1 -1 8
1 -1 -1
0 36 -1
0 36 -1
0 36 -1
0 36 5
0 36 -1
0 36 -1
0 36 -1
0 36 -1
0 36 -1
0 36 -1
0 36 -1
0 36 -1
0 36 -1
0 36 -1
0 36 -1
0 36 -1
0 36 -1
0 36 -1
0 36 -1
0 36 -1
0 36 -1
0 36 -1
0 36 -1
0 36 10
0 36 -1
0 36 -1
0 36 -1
0 36 -1
0 36 -1
0 36 -1
0 36 -1
0 36 -1
0 36 -1
0 36 -1
0 36 -1
1 36 -1
1 36 -1
1 36 -1
1 36 -1
1 36 -1
1 -1 -1
1 -1 -1
1 -1 2
1 -1 6
1 -1 -1
1 37 9
1 37 9
1 37 0
1 37 10
1 37 10
1 37 -1
1 37 -1
1 37 -1
1 37 -1
1 37 -1
1 37 -1
1 37 -1
1 37 -1
1 37 -1
1 37 -1
1 37 -1
1 37 -1
1 37 3
1 37 3
1 37 -1
1 37 -1
1 37 -1
1 37 1
1 37 -1
1 37 -1
1 37 -1
1 37 -1
1 37 -1
1 37 -1
1 37 -1
1 -1 0
1 -1 -1
1 -1 10
1 -1 -1
1 -1 10
0 38 -1
0 38 2
0 38 10
0 38 -1
0 38 2
0 38 -1
0 38 2
0 38 -1
0 38 -1
0 38 -1
0 38 -1
0 38 -1
0 38 -1
0 38 -1
0 38 -1
0 38 -1
0 38 3
0 38 -1
0 38 -1
0 38 2
0 38 10
0 38 -1
0 38 -1
0 38 -1
0 38 -1
0 38 -1
0 38 -1
0 38 10
0 38 -1
0 38 -1
0 38 -1
0 38 2
0 38 -1
0 38 10
0 38 2
0 38 10
0 38 -1
0 38 2
0 38 -1
0 38 9
1 -1 -1
1 -1 -1
1 -1 -1
1 -1 -1
1 -1 -1
1 39 -1
1 39 10
1 39 -1
1 39 -1
1 39 -1
1 39 -1
1 39 -1
1 39 -1
1 39 -1
1 39 4
1 39 -1
1 39 -1
1 39 6
1 39 10
1 39 6
0 -1 -1
0 -1 10
0 -1 -1
0 -1 -1
0 -1 -1
0 40 -1
0 40 -1
0 40 -1
0 40 -1
0 40 -1
0 40 -1
0 40 10
0 40 -1
0 40 -1
0 40 -1
0 40 -1
0 40 -1
0 40 -1
0 40 -1
0 40 -1
1 40 -1
1 40 -1
1 40 -1
1 40 -1
1 40 -1
1 -1 -1
1 -1 8
1 -1 -1
1 -1 -1
1 -1 -1
0 41 -1
0 41 -1
0 41 -1
0 41 -1
0 41 -1
0 41 10
0 41 -1
0 41 -1
0 41 -1
0 41 -1
0 41 3
0 41 -1
0 41 -1
0 41 -1
0 41 3
0 41 -1
0 41 -1
0 41 3
0 41 -1
0 41 -1
0 41 -1
0 41 3
0 41 -1
0 41 -1
0 41 -1
0 41 10
0 41 6
0 41 2
0 41 4
0 41 4
0 41 -1
0 41 -1
0 41 5
0 41 10
0 41 6
0 41 -1
0 41 -1
0 41 -1
0 41 -1
0 41 -1
1 -1 -1
1 -1 10
1 -1 3
1 -1 10
1 -1 -1
1 42 -1
1 42 9
1 42 -1
1 42 -1
1 42 2
0 42 -1
0 42 2
0 42 10
0 42 10
0 42 2
0 42 -1
0 42 -1
0 42 2
0 42 10
0 42 0
0 42 -1
0 42 -1
0 42 -1
0 42 -1
0 42 6
1 42 -1
1 42 -1
1 42 -1
1 42 -1
1 42 -1
1 42 -1
1 42 8
1 42 -1
1 42 3
1 42 -1
1 -1 -1
1 -1 8
1 -1 -1
1 -1 -1
1 -1 -1
0 43 -1
0 43 -1
0 43 -1
0 43 -1
0 43 4
1 43 -1
1 43 5
1 43 -1
1 43 4
1 43 -1
0 -1 -1
0 -1 -1
0 -1 -1
0 -1 -1
0 -1 -1
0 44 -1
0 44 -1
0 44 2
0 44 -1
0 44 -1
0 44 -1
0 44 -1
0 44 -1
0 44 5
0 44 -1
0 44 -1
0 44 -1
0 44 5
0 44 -1
0 44 -1
0 44 -1
0 44 -1
0 44 -1
0 44 -1
0 44 -1
0 44 -1
0 44 -1
0 44 -1
0 44 -1
0 44 -1
0 44 -1
0 44 -1
0 44 -1
0 44 -1
0 44 -1
0 44 -1
0 44 -1
0 44 -1
0 44 -1
0 44 -1
0 44 -1
0 44 -1
0 44 -1
0 44 -1
0 44 -1
0 44 10
0 44 -1
0 44 -1
0 44 -1
0 44 -1
0 44 -1
0 44 -1
0 44 -1
0 44 -1
0 44 -1
0 44 -1
0 44 -1
0 44 -1
0 44 -1
0 44 4
0 44 -1
0 44 6
0 44 -1
0 44 -1
0 44 10
0 44 6
0 44 6
0 44 6
0 44 -1
0 44 -1
0 44 -1
0 44 -1
0 44 6
0 44 -1
0 44 -1
0 44 2
0 44 -1
0 44 2
0 44 -1
0 44 -1
0 44 6
0 44 3
0 44 -1
0 44 -1
0 44 -1
0 44 -1
0 44 -1
0 44 -1
0 44 -1
0 44 -1
0 44 -1
0 44 -1
0 44 -1
0 44 -1
0 44 -1
0 44 -1
0 44 -1
0 44 -1
0 44 -1
0 44 -1
0 44 -1
0 44 -1
0 44 -1
0 44 3
0 44 -1
0 44 -1
0 44 -1
0 44 -1
0 44 -1
0 44 -1
0 44 -1
0 44 2
0 44 -1
0 44 -1
0 44 -1
0 44 -1
0 44 -1
0 44 -1
0 44 -1
0 44 -1
0 44 -1
0 44 -1
0 44 -1
0 44 -1
0 44 -1
0 44 -1
0 44 -1
0 44 -1
0 44 -1
0 44 -1
0 44 5
0 44 -1
0 44 -1
0 44 -1
0 44 -1
0 44 -1
0 44 -1
0 44 -1
0 44 -1
0 44 3
1 44 -1
1 44 -1
1 44 -1
1 44 -1
1 44 -1
1 44 -1
1 44 -1
1 44 -1
1 44 10
1 44 4
0 -1 -1
0 -1 -1
0 -1 -1
0 -1 -1
0 -1 -1
0 45 -1
0 45 -1
0 45 -1
0 45 -1
0 45 -1
1 45 10
1 45 10
1 45 -1
1 45 -1
1 45 -1
1 45 -1
1 45 -1
1 45 -1
1 45 -1
1 45 -1
0 45 -1
0 45 -1
0 45 -1
0 45 -1
0 45 5
0 45 5
0 45 -1
0 45 -1
0 45 -1
0 45 -1
0 45 -1
0 45 -1
0 45 -1
0 45 5
0 45 -1
0 45 -1
0 45 -1
0 45 -1
0 45 -1
0 45 2
0 45 2
0 45 10
0 45 2
0 45 10
0 45 -1
0 45 -1
0 45 -1
0 45 -1
0 45 -1
0 45 -1
0 45 6
0 45 -1
0 45 -1
0 45 -1
0 45 -1
0 45 -1
0 45 -1
0 45 -1
0 45 -1
0 45 -1
0 45 -1
0 45 -1
0 45 -1
0 45 -1
0 45 -1
1 -1 -1
1 -1 4
1 -1 10
1 -1 -1
1 -1 -1
1 46 -1
1 46 -1
1 46 9
1 46 10
1 46 -1
0 46 2
0 46 2
0 46 -1
0 46 2
0 46 -1
1 46 -1
1 46 10
1 46 2
1 46 -1
1 46 10
1 46 10
1 46 -1
1 46 10
1 46 -1
1 46 2
1 -1 -1
1 -1 2
1 -1 -1
1 -1 8
1 -1 -1
1 47 -1
1 47 -1
1 47 -1
1 47 -1
1 47 -1
1 47 -1
1 47 -1
1 47 -1
1 47 -1
1 47 -1
0 47 -1
0 47 -1
0 47 -1
0 47 -1
0 47 9
0 47 -1
0 47 -1
0 47 -1
0 47 -1
0 47 -1
1 47 -1
1 47 -1
1 47 -1
1 47 -1
1 47 -1
1 47 10
1 47 -1
1 47 -1
1 47 -1
1 47 -1
1 47 -1
1 47 -1
1 47 9
1 47 -1
1 47 9
1 47 -1
1 47 2
1 47 8
1 47 -1
1 47 5
0 -1 -1
0 -1 -1
0 -1 -1
0 -1 -1
0 -1 -1
0 48 -1
0 48 -1
0 48 5
0 48 -1
0 48 -1
0 48 5
0 48 -1
0 48 -1
0 48 -1
0 48 5
0 48 -1
0 48 -1
0 48 5
0 48 -1
0 48 -1
0 48 -1
0 48 5
0 48 -1
0 48 5
0 48 -1
0 48 5
0 48 5
0 48 -1
0 48 -1
0 48 -1
0 48 5
0 48 -1
0 48 -1
0 48 -1
0 48 -1
0 48 -1
0 48 -1
0 48 -1
0 48 -1
0 48 -1
0 48 -1
0 48 -1
0 48 -1
0 48 -1
0 48 -1
0 48 5
0 48 -1
0 48 -1
0 48 -1
0 48 -1
0 48 2
0 48 -1
0 48 2
0 48 6
0 48 -1
0 48 -1
0 48 -1
0 48 -1
0 48 -1
0 48 -1
0 48 -1
0 48 10
0 48 10
0 48 2
0 48 -1
0 48 -1
0 48 -1
0 48 -1
0 48 -1
0 48 -1
0 48 -1
0 48 -1
0 48 10
0 48 -1
0 48 5
0 48 -1
0 48 -1
0 48 -1
0 48 -1
0 48 -1
0 48 -1
0 48 -1
0 48 -1
0 48 -1
0 48 -1
0 48 -1
0 48 -1
0 48 -1
0 48 -1
0 48 -1
0 48 -1
0 48 -1
0 48 -1
0 48 -1
0 48 -1
0 48 9
0 48 -1
0 48 -1
0 48 -1
0 48 6
0 48 -1
0 48 -1
0 48 -1
0 48 -1
0 48 -1
0 48 -1
0 48 5
0 48 2
0 48 2
0 48 -1
0 48 -1
0 48 -1
0 48 -1
0 48 -1
0 48 -1
0 48 -1
0 48 -1
0 48 -1
0 48 -1
0 48 -1
0 48 -1
0 48 -1
0 48 -1
0 48 -1
0 48 -1
0 48 -1
0 48 -1
0 48 5
0 48 0
0 48 -1
0 48 -1
0 48 -1
0 48 -1
0 48 -1
0 48 -1
0 48 -1
0 48 -1
0 48 -1
0 48 -1
0 48 -1
0 48 -1
0 48 -1
0 48 5
0 48 -1
0 48 -1
0 48 -1
0 48 -1
0 48 -1
0 48 -1
0 48 -1
0 48 -1
0 48 -1
0 48 -1
0 48 -1
0 48 -1
0 48 -1
0 48 -1
0 48 -1
0 48 5
0 48 -1
1 48 -1
1 48 -1
1 48 -1
1 48 -1
1 48 -1
1 48 3
1 48 -1
1 48 -1
1 48 -1
1 48 -1
1 -1 10
1 -1 3
1 -1 -1
1 -1 -1
1 -1 -1
1 49 10
1 49 2
1 49 -1
1 49 -1
1 49 -1
1 49 -1
1 49 -1
1 49 -1
1 49 6
1 49 8
1 49 -1
1 49 -1
1 49 -1
1 49 8
1 49 -1
1 49 -1
1 49 -1
1 49 -1
1 49 -1
1 49 -1
1 49 -1
1 49 -1
1 49 -1
1 49 -1
1 49 -1
1 49 -1
1 49 5
1 49 -1
1 49 -1
1 49 -1
1 49 -1
1 49 8
1 49 -1
1 49 4
1 49 3
1 -1 2
1 -1 10
1 -1 -1
1 -1 -1
1 -1 -1
1 50 -1
1 50 2
1 50 -1
1 50 3
1 50 -1
0 50 -1
0 50 -1
0 50 -1
0 50 -1
0 50 -1
1 50 -1
1 50 -1
1 50 -1
1 50 -1
1 50 -1
1 50 -1
1 50 -1
1 50 -1
1 50 -1
1 50 -1
1 50 -1
1 50 -1
1 50 -1
1 50 -1
1 50 9
1 50 -1
1 50 -1
1 50 -1
1 50 -1
1 50 -1
1 50 -1
1 50 -1
1 50 -1
1 50 -1
1 50 -1
1 -1 9
1 -1 -1
1 -1 -1
1 -1 8
1 -1 -1