2820 2940
6280 6300
6540 6700
6790 7020
7070 7100
8130 8170
8780 8850
8910 9880
10150 10160
11720 12750
14780 15170
15720 16110
19780 20500
20600 20950
21040 21100
21140 21190
21360 21510
21550 22010
22050 24190
24300 24600
27730 28270
28320 29680
29720 30050
30560 31140
31190 31430
31970 32750
34060 34230
35060 35130
35230 35460
36830 37750
37850 38240
38280 38380
40490 40560
43050 43200
44340 44420
44460 44550
44820 44840
44920 45030
50540 50570
50650 50800
51440 51580
51640 51830
51900 52160
52230 52670
52800 53120
53260 53390
53450 54000
54070 54330
54550 54590
55010 55230
55340 55530
56240 56570
56870 57700
57880 57890
57930 58300
58430 58810
58930 58960
