0 -1
0 -1
0 -1
0 -1
0 -1
-1 -1
-1 -1
-1 -1
-1 -1
-1 -1
-1 -1
-1 -1
-1 -1
-1 -1
-1 -1
-1 -1
-1 -1
-1 -1
-1 -1
-1 -1
1 -1
1 -1
1 -1
1 -1
1 -1
1 -1
1 -1
1 -1
1 -1
1 -1
1 0
1 0
1 0
1 0
1 0
1 0
1 0
1 0
1 0
1 0
1 0
1 0
1 0
1 0
1 0
1 0
1 0
1 0
1 0
1 0
1 0
1 0
1 0
1 0
1 0
1 0
1 0
1 0
1 0
1 0
1 -1
1 -1
1 -1
1 -1
1 -1
1 1
1 1
1 1
1 1
1 1
1 1
1 1
1 1
1 1
1 1
1 1
1 1
1 1
1 1
1 1
1 1
1 1
1 1
1 1
1 1
1 1
1 1
1 1
1 1
1 1
1 1
1 1
1 1
1 1
1 1
1 -1
1 -1
1 -1
1 -1
1 -1
1 2
1 2
1 2
1 2
1 2
1 2
1 2
1 2
1 2
1 2
1 2
1 2
1 2
1 2
1 2
1 2
1 2
1 2
1 2
1 2
1 2
1 2
1 2
1 2
1 2
1 -1
1 -1
1 -1
1 -1
1 -1
1 3
1 3
1 3
1 3
1 3
1 3
1 3
1 3
1 3
1 3
1 3
1 3
1 3
1 3
1 3
1 3
1 3
1 3
1 3
1 3
1 -1
1 -1
1 -1
1 -1
1 -1
0 4
0 4
0 4
0 4
0 4
0 4
0 4
0 4
0 4
0 4
0 4
0 4
0 4
0 4
0 4
0 4
0 4
0 4
0 4
0 4
1 4
1 4
1 4
1 4
1 4
0 4
0 4
0 4
0 4
0 4
0 4
0 4
0 4
0 4
0 4
0 4
0 4
0 4
0 4
0 4
0 4
0 4
0 4
0 4
0 4
1 -1
1 -1
1 -1
1 -1
1 -1
1 5
1 5
1 5
1 5
1 5
1 5
1 5
1 5
1 5
1 5
1 5
1 5
1 5
1 5
1 5
1 5
1 5
1 5
1 5
1 5
1 5
1 5
1 5
1 5
1 5
1 5
1 5
1 5
1 5
1 5
1 5
1 5
1 5
1 5
1 5
1 -1
1 -1
1 -1
1 -1
1 -1
1 6
1 6
1 6
1 6
1 6
1 6
1 6
1 6
1 6
1 6
1 6
1 6
1 6
1 6
1 6
1 6
1 6
1 6
1 6
1 6
1 6
1 6
1 6
1 6
1 6
1 6
1 6
1 6
1 6
1 6
1 -1
1 -1
1 -1
1 -1
1 -1
1 7
1 7
1 7
1 7
1 7
1 7
1 7
1 7
1 7
1 7
1 -1
1 -1
1 -1
1 -1
1 -1
0 8
0 8
0 8
0 8
0 8
0 8
0 8
0 8
0 8
0 8
0 8
0 8
0 8
0 8
0 8
0 8
0 8
0 8
0 8
0 8
0 8
0 8
0 8
0 8
0 8
0 8
0 8
0 8
0 8
0 8
0 8
0 8
0 8
0 8
0 8
0 8
0 8
0 8
0 8
0 8
0 8
0 8
0 8
0 8
0 8
0 8
0 8
0 8
0 8
0 8
0 8
0 8
0 8
0 8
0 8
0 8
0 8
0 8
0 8
0 8
0 8
0 8
0 8
0 8
0 8
0 8
0 8
0 8
0 8
0 8
0 8
0 8
0 8
0 8
0 8
0 8
0 8
0 8
0 8
0 8
0 8
0 8
0 8
0 8
0 8
0 8
0 8
0 8
0 8
0 8
0 8
0 8
0 8
0 8
0 8
0 8
0 8
0 8
0 8
0 8
0 8
0 8
0 8
0 8
0 8
0 8
0 8
0 8
0 8
0 8
1 -1
1 -1
1 -1
1 -1
1 -1
1 9
1 9
1 9
1 9
1 9
1 9
1 9
1 9
1 9
1 9
1 9
1 9
1 9
1 9
1 9
1 9
1 9
1 9
1 9
1 9
1 9
1 9
1 9
1 9
1 9
1 -1
1 -1
1 -1
1 -1
1 -1
0 10
0 10
0 10
0 10
0 10
0 10
0 10
0 10
0 10
0 10
0 10
0 10
0 10
0 10
0 10
0 10
0 10
0 10
0 10
0 10
0 10
0 10
0 10
0 10
0 10
0 10
0 10
0 10
0 10
0 10
0 10
0 10
0 10
0 10
0 10
0 10
0 10
0 10
0 10
0 10
0 10
0 10
0 10
0 10
0 10
0 10
0 10
0 10
0 10
0 10
0 10
0 10
0 10
0 10
0 10
0 10
0 10
0 10
0 10
0 10
0 10
0 10
0 10
0 10
0 10
0 -1
0 -1
0 -1
0 -1
0 -1
0 11
0 11
0 11
0 11
0 11
0 11
0 11
0 11
0 11
0 11
0 11
0 11
0 11
0 11
0 11
0 11
0 11
0 11
0 11
0 11
1 11
1 11
1 11
1 11
1 11
1 11
1 11
1 11
1 11
1 11
1 11
1 11
1 11
1 11
1 11
1 11
1 11
1 11
1 11
1 11
1 11
1 11
1 11
1 11
1 11
1 11
1 11
1 11
1 11
1 11
1 11
1 11
1 11
1 11
1 11
1 11
1 11
1 11
1 11
1 11
1 11
1 11
1 11
1 11
1 11
1 11
1 11
1 11
1 11
1 11
1 11
1 11
1 11
1 11
1 11
1 11
1 11
1 11
1 11
1 11
1 -1
1 -1
1 -1
1 -1
1 -1
0 12
0 12
0 12
0 12
0 12
0 12
0 12
0 12
0 12
0 12
0 12
0 12
0 12
0 12
0 12
0 12
0 12
0 12
0 12
0 12
0 12
0 12
0 12
0 12
0 12
0 -1
0 -1
0 -1
0 -1
0 -1
0 13
0 13
0 13
0 13
0 13
0 13
0 13
0 13
0 13
0 13
0 13
0 13
0 13
0 13
0 13
0 13
0 13
0 13
0 13
0 13
0 13
0 13
0 13
0 13
0 13
0 13
0 13
0 13
0 13
0 13
0 13
0 13
0 13
0 13
0 13
0 13
0 13
0 13
0 13
0 13
0 13
0 13
0 13
0 13
0 13
0 13
0 13
0 13
0 13
0 13
0 -1
0 -1
0 -1
0 -1
0 -1
0 14
0 14
0 14
0 14
0 14
0 14
0 14
0 14
0 14
0 14
0 14
0 14
0 14
0 14
0 14
0 14
0 14
0 14
0 14
0 14
0 14
0 14
0 14
0 14
0 14
0 14
0 14
0 14
0 14
0 14
0 14
0 14
0 14
0 14
0 14
0 14
0 14
0 14
0 14
0 14
0 14
0 14
0 14
0 14
0 14
0 14
0 14
0 14
0 14
0 14
0 14
0 14
0 14
0 14
0 14
0 14
0 14
0 14
0 14
0 14
0 14
0 14
0 14
0 14
0 14
0 -1
0 -1
0 -1
0 -1
0 -1
0 15
0 15
0 15
0 15
0 15
0 -1
0 -1
0 -1
0 -1
0 -1
0 16
0 16
0 16
0 16
0 16
0 16
0 16
0 16
0 16
0 16
0 16
0 16
0 16
0 16
0 16
0 16
0 16
0 16
0 16
0 16
0 16
0 16
0 16
0 16
0 16
0 16
0 16
0 16
0 16
0 16
0 16
0 16
0 16
0 16
0 16
0 16
0 16
0 16
0 16
0 16
1 16
1 16
1 16
1 16
1 16
1 -1
1 -1
1 -1
1 -1
1 -1
1 17
1 17
1 17
1 17
1 17
1 17
1 17
1 17
1 17
1 17
1 17
1 17
1 17
1 17
1 17
1 17
1 17
1 17
1 17
1 17
1 17
1 17
1 17
1 17
1 17
1 17
1 17
1 17
1 17
1 17
1 17
1 17
1 17
1 17
1 17
1 17
1 17
1 17
1 17
1 17
1 17
1 17
1 17
1 17
1 17
1 -1
1 -1
1 -1
1 -1
1 -1
1 18
1 18
1 18
1 18
1 18
1 -1
1 -1
1 -1
1 -1
1 -1
0 19
0 19
0 19
0 19
0 19
0 19
0 19
0 19
0 19
0 19
0 19
0 19
0 19
0 19
0 19
0 19
0 19
0 19
0 19
0 19
0 19
0 19
0 19
0 19
0 19
0 19
0 19
0 19
0 19
0 19
0 19
0 19
0 19
0 19
0 19
0 19
0 19
0 19
0 19
0 19
0 19
0 19
0 19
0 19
0 19
0 19
0 19
0 19
0 19
0 19
0 19
0 19
0 19
0 19
0 19
0 19
0 19
0 19
0 19
0 19
0 19
0 19
0 19
0 19
0 19
0 19
0 19
0 19
0 19
0 19
1 19
1 19
1 19
1 19
1 19
0 -1
0 -1
0 -1
0 -1
0 -1
0 20
0 20
0 20
0 20
0 20
1 20
1 20
1 20
1 20
1 20
0 20
0 20
0 20
0 20
0 20
1 20
1 20
1 20
1 20
1 20
1 20
1 20
1 20
1 20
1 20
1 20
1 20
1 20
1 20
1 20
1 20
1 20
1 20
1 20
1 20
1 20
1 20
1 20
1 20
1 20
1 -1
1 -1
1 -1
1 -1
1 -1
1 21
1 21
1 21
1 21
1 21
1 21
1 21
1 21
1 21
1 21
1 21
1 21
1 21
1 21
1 21
0 21
0 21
0 21
0 21
0 21
1 21
1 21
1 21
1 21
1 21
1 21
1 21
1 21
1 21
1 21
0 21
0 21
0 21
0 21
0 21
0 21
0 21
0 21
0 21
0 21
0 21
0 21
0 21
0 21
0 21
0 21
0 21
0 21
0 21
0 21
0 21
0 21
0 21
0 21
0 21
1 21
1 21
1 21
1 21
1 21
1 21
1 21
1 21
1 21
1 21
0 21
0 21
0 21
0 21
0 21
1 21
1 21
1 21
1 21
1 21
1 -1
1 -1
1 -1
1 -1
1 -1
1 22
1 22
1 22
1 22
1 22
1 22
1 22
1 22
1 22
1 22
1 22
1 22
1 22
1 22
1 22
1 22
1 22
1 22
1 22
1 22
1 22
1 22
1 22
1 22
1 22
0 22
0 22
0 22
0 22
0 22
1 22
1 22
1 22
1 22
1 22
1 22
1 22
1 22
1 22
1 22
1 22
1 22
1 22
1 22
1 22
0 -1
0 -1
0 -1
0 -1
0 -1
0 23
0 23
0 23
0 23
0 23
0 23
0 23
0 23
0 23
0 23
0 23
0 23
0 23
0 23
0 23
0 23
0 23
0 23
0 23
0 23
0 23
0 23
0 23
0 23
0 23
0 23
0 23
0 23
0 23
0 23
0 23
0 23
0 23
0 23
0 23
0 23
0 23
0 23
0 23
0 23
0 23
0 23
0 23
0 23
0 23
0 23
0 23
0 23
0 23
0 23
1 23
1 23
1 23
1 23
1 23
1 -1
1 -1
1 -1
1 -1
1 -1
1 24
1 24
1 24
1 24
1 24
1 -1
1 -1
1 -1
1 -1
1 -1
0 25
0 25
0 25
0 25
0 25
0 25
0 25
0 25
0 25
0 25
0 25
0 25
0 25
0 25
0 25
0 25
0 25
0 25
0 25
0 25
0 25
0 25
0 25
0 25
0 25
0 25
0 25
0 25
0 25
0 25
0 25
0 25
0 25
0 25
0 25
0 25
0 25
0 25
0 25
0 25
0 25
0 25
0 25
0 25
0 25
0 25
0 25
0 25
0 25
0 25
1 -1
1 -1
1 -1
1 -1
1 -1
0 26
0 26
0 26
0 26
0 26
0 26
0 26
0 26
0 26
0 26
0 26
0 26
0 26
0 26
0 26
0 26
0 26
0 26
0 26
0 26
0 26
0 26
0 26
0 26
0 26
0 26
0 26
0 26
0 26
0 26
0 26
0 26
0 26
0 26
0 26
1 26
1 26
1 26
1 26
1 26
1 26
1 26
1 26
1 26
1 26
0 -1
0 -1
0 -1
0 -1
0 -1
0 27
0 27
0 27
0 27
0 27
0 27
0 27
0 27
0 27
0 27
0 27
0 27
0 27
0 27
0 27
1 27
1 27
1 27
1 27
1 27
0 27
0 27
0 27
0 27
0 27
0 27
0 27
0 27
0 27
0 27
0 27
0 27
0 27
0 27
0 27
0 27
0 27
0 27
0 27
0 27
0 27
0 27
0 27
0 27
0 27
0 27
0 27
0 27
0 27
0 27
0 27
0 27
0 27
0 27
0 27
0 27
0 27
0 27
0 27
0 27
1 -1
1 -1
1 -1
1 -1
1 -1
1 28
1 28
1 28
1 28
1 28
1 28
1 28
1 28
1 28
1 28
1 28
1 28
1 28
1 28
1 28
1 28
1 28
1 28
1 28
1 28
1 -1
1 -1
1 -1
1 -1
1 -1
0 29
0 29
0 29
0 29
0 29
0 29
0 29
0 29
0 29
0 29
1 29
1 29
1 29
1 29
1 29
0 29
0 29
0 29
0 29
0 29
0 29
0 29
0 29
0 29
0 29
0 29
0 29
0 29
0 29
0 29
0 29
0 29
0 29
0 29
0 29
1 29
1 29
1 29
1 29
1 29
1 -1
1 -1
1 -1
1 -1
1 -1
1 30
1 30
1 30
1 30
1 30
1 -1
1 -1
1 -1
1 -1
1 -1
1 31
1 31
1 31
1 31
1 31
1 31
1 31
1 31
1 31
1 31
1 31
1 31
1 31
1 31
1 31
1 31
1 31
1 31
1 31
1 31
1 31
1 31
1 31
1 31
1 31
1 31
1 31
1 31
1 31
1 31
1 31
1 31
1 31
1 31
1 31
1 31
1 31
1 31
1 31
1 31
1 -1
1 -1
1 -1
1 -1
1 -1
1 32
1 32
1 32
1 32
1 32
1 32
1 32
1 32
1 32
1 32
1 32
1 32
1 32
1 32
1 32
1 32
1 32
1 32
1 32
1 32
1 32
1 32
1 32
1 32
1 32
1 32
1 32
1 32
1 32
1 32
1 -1
1 -1
1 -1
1 -1
1 -1
1 33
1 33
1 33
1 33
1 33
1 33
1 33
1 33
1 33
1 33
1 33
1 33
1 33
1 33
1 33
1 33
1 33
1 33
1 33
1 33
1 33
1 33
1 33
1 33
1 33
1 33
1 33
1 33
1 33
1 33
1 33
1 33
1 33
1 33
1 33
1 33
1 33
1 33
1 33
1 33
1 33
1 33
1 33
1 33
1 33
1 33
1 33
1 33
1 33
1 33
1 33
1 33
1 33
1 33
1 33
1 33
1 33
1 33
1 33
1 33
1 33
1 33
1 33
1 33
1 33
0 -1
0 -1
0 -1
0 -1
0 -1
0 34
0 34
0 34
0 34
0 34
0 34
0 34
0 34
0 34
0 34
0 34
0 34
0 34
0 34
0 34
0 34
0 34
0 34
0 34
0 34
0 34
0 34
0 34
0 34
0 34
0 34
0 34
0 34
0 34
0 34
0 34
0 34
0 34
0 34
0 34
0 34
0 34
0 34
0 34
0 34
0 34
0 34
0 34
0 34
0 34
0 34
0 34
0 34
0 34
0 34
0 34
0 34
0 34
0 34
0 34
1 -1
1 -1
1 -1
1 -1
1 -1
1 35
1 35
1 35
1 35
1 35
0 35
0 35
0 35
0 35
0 35
1 35
1 35
1 35
1 35
1 35
1 35
1 35
1 35
1 35
1 35
1 35
1 35
1 35
1 35
1 35
1 35
1 35
1 35
1 35
1 35
1 -1
1 -1
1 -1
1 -1
1 -1
0 36
0 36
0 36
0 36
0 36
0 36
0 36
0 36
0 36
0 36
0 36
0 36
0 36
0 36
0 36
0 36
0 36
0 36
0 36
0 36
0 36
0 36
0 36
0 36
0 36
0 36
0 36
0 36
0 36
0 36
0 36
0 36
0 36
0 36
0 36
1 36
1 36
1 36
1 36
1 36
1 -1
1 -1
1 -1
1 -1
1 -1
1 37
1 37
1 37
1 37
1 37
1 37
1 37
1 37
1 37
1 37
1 37
1 37
1 37
1 37
1 37
1 37
1 37
1 37
1 37
1 37
1 37
1 37
1 37
1 37
1 37
1 37
1 37
1 37
1 37
1 37
1 -1
1 -1
1 -1
1 -1
1 -1
0 38
0 38
0 38
0 38
0 38
0 38
0 38
0 38
0 38
0 38
0 38
0 38
0 38
0 38
0 38
0 38
0 38
0 38
0 38
0 38
0 38
0 38
0 38
0 38
0 38
0 38
0 38
0 38
0 38
0 38
0 38
0 38
0 38
0 38
0 38
0 38
0 38
0 38
0 38
0 38
1 -1
1 -1
1 -1
1 -1
1 -1
1 39
1 39
1 39
1 39
1 39
1 39
1 39
1 39
1 39
1 39
1 39
1 39
1 39
1 39
1 39
0 -1
0 -1
0 -1
0 -1
0 -1
0 40
0 40
0 40
0 40
0 40
0 40
0 40
0 40
0 40
0 40
0 40
0 40
0 40
0 40
0 40
1 40
1 40
1 40
1 40
1 40
1 -1
1 -1
1 -1
1 -1
1 -1
0 41
0 41
0 41
0 41
0 41
0 41
0 41
0 41
0 41
0 41
0 41
0 41
0 41
0 41
0 41
0 41
0 41
0 41
0 41
0 41
0 41
0 41
0 41
0 41
0 41
0 41
0 41
0 41
0 41
0 41
0 41
0 41
0 41
0 41
0 41
0 41
0 41
0 41
0 41
0 41
1 -1
1 -1
1 -1
1 -1
1 -1
1 42
1 42
1 42
1 42
1 42
0 42
0 42
0 42
0 42
0 42
0 42
0 42
0 42
0 42
0 42
0 42
0 42
0 42
0 42
0 42
1 42
1 42
1 42
1 42
1 42
1 42
1 42
1 42
1 42
1 42
1 -1
1 -1
1 -1
1 -1
1 -1
0 43
0 43
0 43
0 43
0 43
1 43
1 43
1 43
1 43
1 43
0 -1
0 -1
0 -1
0 -1
0 -1
0 44
0 44
0 44
0 44
0 44
0 44
0 44
0 44
0 44
0 44
0 44
0 44
0 44
0 44
0 44
0 44
0 44
0 44
0 44
0 44
0 44
0 44
0 44
0 44
0 44
0 44
0 44
0 44
0 44
0 44
0 44
0 44
0 44
0 44
0 44
0 44
0 44
0 44
0 44
0 44
0 44
0 44
0 44
0 44
0 44
0 44
0 44
0 44
0 44
0 44
0 44
0 44
0 44
0 44
0 44
0 44
0 44
0 44
0 44
0 44
0 44
0 44
0 44
0 44
0 44
0 44
0 44
0 44
0 44
0 44
0 44
0 44
0 44
0 44
0 44
0 44
0 44
0 44
0 44
0 44
0 44
0 44
0 44
0 44
0 44
0 44
0 44
0 44
0 44
0 44
0 44
0 44
0 44
0 44
0 44
0 44
0 44
0 44
0 44
0 44
0 44
0 44
0 44
0 44
0 44
0 44
0 44
0 44
0 44
0 44
0 44
0 44
0 44
0 44
0 44
0 44
0 44
0 44
0 44
0 44
0 44
0 44
0 44
0 44
0 44
0 44
0 44
0 44
0 44
0 44
0 44
0 44
0 44
0 44
0 44
1 44
1 44
1 44
1 44
1 44
1 44
1 44
1 44
1 44
1 44
0 -1
0 -1
0 -1
0 -1
0 -1
0 45
0 45
0 45
0 45
0 45
1 45
1 45
1 45
1 45
1 45
1 45
1 45
1 45
1 45
1 45
0 45
0 45
0 45
0 45
0 45
0 45
0 45
0 45
0 45
0 45
0 45
0 45
0 45
0 45
0 45
0 45
0 45
0 45
0 45
0 45
0 45
0 45
0 45
0 45
0 45
0 45
0 45
0 45
0 45
0 45
0 45
0 45
0 45
0 45
0 45
0 45
0 45
0 45
0 45
0 45
0 45
0 45
0 45
0 45
0 45
1 -1
1 -1
1 -1
1 -1
1 -1
1 46
1 46
1 46
1 46
1 46
0 46
0 46
0 46
0 46
0 46
1 46
1 46
1 46
1 46
1 46
1 46
1 46
1 46
1 46
1 46
1 -1
1 -1
1 -1
1 -1
1 -1
1 47
1 47
1 47
1 47
1 47
1 47
1 47
1 47
1 47
1 47
0 47
0 47
0 47
0 47
0 47
0 47
0 47
0 47
0 47
0 47
1 47
1 47
1 47
1 47
1 47
1 47
1 47
1 47
1 47
1 47
1 47
1 47
1 47
1 47
1 47
1 47
1 47
1 47
1 47
1 47
0 -1
0 -1
0 -1
0 -1
0 -1
0 48
0 48
0 48
0 48
0 48
0 48
0 48
0 48
0 48
0 48
0 48
0 48
0 48
0 48
0 48
0 48
0 48
0 48
0 48
0 48
0 48
0 48
0 48
0 48
0 48
0 48
0 48
0 48
0 48
0 48
0 48
0 48
0 48
0 48
0 48
0 48
0 48
0 48
0 48
0 48
0 48
0 48
0 48
0 48
0 48
0 48
0 48
0 48
0 48
0 48
0 48
0 48
0 48
0 48
0 48
0 48
0 48
0 48
0 48
0 48
0 48
0 48
0 48
0 48
0 48
0 48
0 48
0 48
0 48
0 48
0 48
0 48
0 48
0 48
0 48
0 48
0 48
0 48
0 48
0 48
0 48
0 48
0 48
0 48
0 48
0 48
0 48
0 48
0 48
0 48
0 48
0 48
0 48
0 48
0 48
0 48
0 48
0 48
0 48
0 48
0 48
0 48
0 48
0 48
0 48
0 48
0 48
0 48
0 48
0 48
0 48
0 48
0 48
0 48
0 48
0 48
0 48
0 48
0 48
0 48
0 48
0 48
0 48
0 48
0 48
0 48
0 48
0 48
0 48
0 48
0 48
0 48
0 48
0 48
0 48
0 48
0 48
0 48
0 48
0 48
0 48
0 48
0 48
0 48
0 48
0 48
0 48
0 48
0 48
0 48
0 48
0 48
0 48
0 48
0 48
1 48
1 48
1 48
1 48
1 48
1 48
1 48
1 48
1 48
1 48
1 -1
1 -1
1 -1
1 -1
1 -1
1 49
1 49
1 49
1 49
1 49
1 49
1 49
1 49
1 49
1 49
1 49
1 49
1 49
1 49
1 49
1 49
1 49
1 49
1 49
1 49
1 49
1 49
1 49
1 49
1 49
1 49
1 49
1 49
1 49
1 49
1 49
1 49
1 49
1 49
1 49
1 -1
1 -1
1 -1
1 -1
1 -1
1 50
1 50
1 50
1 50
1 50
0 50
0 50
0 50
0 50
0 50
1 50
1 50
1 50
1 50
1 50
1 50
1 50
1 50
1 50
1 50
1 50
1 50
1 50
1 50
1 50
1 50
1 50
1 50
1 50
1 50
1 50
1 50
1 50
1 50
1 50
1 -1
1 -1
1 -1
1 -1
1 -1
1 51
1 51
1 51
1 51
1 51
1 51
1 51
1 51
1 51
1 51
1 51
1 51
1 51
1 51
1 51
1 51
1 51
1 51
1 51
1 51
1 51
1 51
1 51
1 51
1 51
1 51
1 51
1 51
1 51
1 51
1 51
1 51
1 51
1 51
1 51
1 51
1 51
1 51
1 51
1 51
1 -1
1 -1
1 -1
1 -1
1 -1
1 52
1 52
1 52
1 52
1 52
1 52
1 52
1 52
1 52
1 52
1 52
1 52
1 52
1 52
1 52
1 52
1 52
1 52
1 52
1 52
1 52
1 52
1 52
1 52
1 52
1 52
1 52
1 52
1 52
1 52
1 52
1 52
1 52
1 52
1 52
1 52
1 52
1 52
1 52
1 52
1 -1
1 -1
1 -1
1 -1
1 -1
1 53
1 53
1 53
1 53
1 53
1 53
1 53
1 53
1 53
1 53
1 53
1 53
1 53
1 53
1 53
1 53
1 53
1 53
1 53
1 53
1 53
1 53
1 53
1 53
1 53
1 -1
1 -1
1 -1
1 -1
1 -1
1 54
1 54
1 54
1 54
1 54
1 54
1 54
1 54
1 54
1 54
1 54
1 54
1 54
1 54
1 54
1 54
1 54
1 54
1 54
1 54
0 54
0 54
0 54
0 54
0 54
1 -1
1 -1
1 -1
1 -1
1 -1
1 55
1 55
1 55
1 55
1 55
1 55
1 55
1 55
1 55
1 55
1 55
1 55
1 55
1 55
1 55
1 55
1 55
1 55
1 55
1 55
1 55
1 55
1 55
1 55
1 55
0 -1
0 -1
0 -1
0 -1
0 -1
0 56
0 56
0 56
0 56
0 56
1 56
1 56
1 56
1 56
1 56
0 56
0 56
0 56
0 56
0 56
0 -1
0 -1
0 -1
0 -1
0 -1
0 57
0 57
0 57
0 57
0 57
0 57
0 57
0 57
0 57
0 57
0 57
0 57
0 57
0 57
0 57
0 57
0 57
0 57
0 57
0 57
0 57
0 57
0 57
0 57
0 57
0 57
0 57
0 57
0 57
0 57
0 57
0 57
0 57
0 57
0 57
0 57
0 57
0 57
0 57
0 57
0 57
0 57
0 57
0 57
0 57
0 57
0 57
0 57
0 57
0 57
0 57
0 57
0 57
0 57
0 57
0 57
0 57
0 57
0 57
0 57
0 57
0 57
0 57
0 57
0 57
0 57
0 57
0 57
0 57
0 57
1 -1
1 -1
1 -1
1 -1
1 -1
1 58
1 58
1 58
1 58
1 58
1 58
1 58
1 58
1 58
1 58
0 -1
0 -1
0 -1
0 -1
0 -1
0 59
0 59
0 59
0 59
0 59
0 59
0 59
0 59
0 59
0 59
0 59
0 59
0 59
0 59
0 59
0 59
0 59
0 59
0 59
0 59
0 59
0 59
0 59
0 59
0 59
0 59
0 59
0 59
0 59
0 59
0 59
0 59
0 59
0 59
0 59
0 59
0 59
0 59
0 59
0 59
0 59
0 59
0 59
0 59
0 59
0 59
0 59
0 59
0 59
0 59
0 59
0 59
0 59
0 59
0 59
0 59
0 59
0 59
0 59
0 59
0 59
0 59
0 59
0 59
0 59
0 59
0 59
0 59
0 59
0 59
0 59
0 59
0 59
0 59
0 59
0 59
0 59
0 59
0 59
0 59
1 -1
1 -1
1 -1
1 -1
1 -1
0 60
0 60
0 60
0 60
0 60
0 60
0 60
0 60
0 60
0 60
0 60
0 60
0 60
0 60
0 60
1 60
1 60
1 60
1 60
1 60
1 60
1 60
1 60
1 60
1 60
1 60
1 60
1 60
1 60
1 60
1 60
1 60
1 60
1 60
1 60
1 -1
1 -1
1 -1
1 -1
1 -1
0 61
0 61
0 61
0 61
0 61
1 61
1 61
1 61
1 61
1 61
0 61
0 61
0 61
0 61
0 61
0 61
0 61
0 61
0 61
0 61
0 61
0 61
0 61
0 61
0 61
0 61
0 61
0 61
0 61
0 61
0 61
0 61
0 61
0 61
0 61
0 61
0 61
0 61
0 61
0 61
1 61
1 61
1 61
1 61
1 61
1 61
1 61
1 61
1 61
1 61
1 -1
1 -1
1 -1
1 -1
1 -1
1 62
1 62
1 62
1 62
1 62
1 62
1 62
1 62
1 62
1 62
1 62
1 62
1 62
1 62
1 62
1 62
1 62
1 62
1 62
1 62
1 62
1 62
1 62
1 62
1 62
1 62
1 62
1 62
1 62
1 62
1 -1
1 -1
1 -1
1 -1
1 -1
1 63
1 63
1 63
1 63
1 63
1 63
1 63
1 63
1 63
1 63
1 63
1 63
1 63
1 63
1 63
1 63
1 63
1 63
1 63
1 63
1 63
1 63
1 63
1 63
1 63
1 -1
1 -1
1 -1
1 -1
1 -1
1 64
1 64
1 64
1 64
1 64
1 64
1 64
1 64
1 64
1 64
1 64
1 64
1 64
1 64
1 64
1 64
1 64
1 64
1 64
1 64
1 64
1 64
1 64
1 64
1 64
1 64
1 64
1 64
1 64
1 64
1 64
1 64
1 64
1 64
1 64
1 64
1 64
1 64
1 64
1 64
0 -1
0 -1
0 -1
0 -1
0 -1
0 65
0 65
0 65
0 65
0 65
0 65
0 65
0 65
0 65
0 65
0 65
0 65
0 65
0 65
0 65
0 65
0 65
0 65
0 65
0 65
0 65
0 65
0 65
0 65
0 65
0 65
0 65
0 65
0 65
0 65
0 65
0 65
0 65
0 65
0 65
0 65
0 65
0 65
0 65
0 65
0 65
0 65
0 65
0 65
0 65
0 65
0 65
0 65
0 65
0 65
0 65
0 65
0 65
0 65
0 65
0 65
0 65
0 65
0 65
0 65
0 65
0 65
0 65
0 65
0 65
0 65
0 65
0 65
0 65
0 65
0 65
0 65
0 65
0 65
0 65
0 65
0 65
0 65
0 65
0 65
0 65
0 65
0 65
0 65
0 65
0 65
0 65
0 65
0 65
0 65
1 65
1 65
1 65
1 65
1 65
1 -1
1 -1
1 -1
1 -1
1 -1
1 66
1 66
1 66
1 66
1 66
1 66
1 66
1 66
1 66
1 66
1 66
1 66
1 66
1 66
1 66
1 66
1 66
1 66
1 66
1 66
0 66
0 66
0 66
0 66
0 66
1 66
1 66
1 66
1 66
1 66
1 66
1 66
1 66
1 66
1 66
1 66
1 66
1 66
1 66
1 66
1 66
1 66
1 66
1 66
1 66
1 66
1 66
1 66
1 66
1 66
1 66
1 66
1 66
1 66
1 66
1 66
1 66
1 66
1 66
1 66
1 66
1 66
1 66
1 66
1 66
1 66
1 66
1 66
1 66
1 66
1 66
1 66
1 66
1 66
1 66
1 -1
1 -1
1 -1
1 -1
1 -1
1 67
1 67
1 67
1 67
1 67
1 67
1 67
1 67
1 67
1 67
1 67
1 67
1 67
1 67
1 67
1 67
1 67
1 67
1 67
1 67
1 67
1 67
1 67
1 67
1 67
1 67
1 67
1 67
1 67
1 67
1 -1
1 -1
1 -1
1 -1
1 -1
0 68
0 68
0 68
0 68
0 68
1 68
1 68
1 68
1 68
1 68
1 68
1 68
1 68
1 68
1 68
0 68
0 68
0 68
0 68
0 68
1 68
1 68
1 68
1 68
1 68
1 -1
1 -1
1 -1
1 -1
1 -1
1 69
1 69
1 69
1 69
1 69
1 69
1 69
1 69
1 69
1 69
1 69
1 69
1 69
1 69
1 69
1 69
1 69
1 69
1 69
1 69
1 -1
1 -1
1 -1
1 -1
1 -1
1 -1
1 -1
1 -1
1 -1
1 -1
1 70
1 70
1 70
1 70
1 70
1 70
1 70
1 70
1 70
1 70
1 70
1 70
1 70
1 70
1 70
1 -1
1 -1
1 -1
1 -1
1 -1
1 71
1 71
1 71
1 71
1 71
0 71
0 71
0 71
0 71
0 71
0 71
0 71
0 71
0 71
0 71
0 71
0 71
0 71
0 71
0 71
1 71
1 71
1 71
1 71
1 71
1 71
1 71
1 71
1 71
1 71
1 -1
1 -1
1 -1
1 -1
1 -1
0 72
0 72
0 72
0 72
0 72
0 72
0 72
0 72
0 72
0 72
1 72
1 72
1 72
1 72
1 72
1 72
1 72
1 72
1 72
1 72
0 72
0 72
0 72
0 72
0 72
1 -1
1 -1
1 -1
1 -1
1 -1
1 73
1 73
1 73
1 73
1 73
1 73
1 73
1 73
1 73
1 73
0 73
0 73
0 73
0 73
0 73
0 73
0 73
0 73
0 73
0 73
1 73
1 73
1 73
1 73
1 73
1 73
1 73
1 73
1 73
1 73
1 -1
1 -1
1 -1
1 -1
1 -1
1 74
1 74
1 74
1 74
1 74
1 74
1 74
1 74
1 74
1 74
1 74
1 74
1 74
1 74
1 74
1 74
1 74
1 74
1 74
1 74
1 -1
1 -1
1 -1
1 -1
1 -1
1 75
1 75
1 75
1 75
1 75
1 75
1 75
1 75
1 75
1 75
1 75
1 75
1 75
1 75
1 75
1 75
1 75
1 75
1 75
1 75
1 75
1 75
1 75
1 75
1 75
1 -1
1 -1
1 -1
1 -1
1 -1
1 76
1 76
1 76
1 76
1 76
1 76
1 76
1 76
1 76
1 76
1 76
1 76
1 76
1 76
1 76
1 -1
1 -1
1 -1
1 -1
1 -1
1 77
1 77
1 77
1 77
1 77
1 77
1 77
1 77
1 77
1 77
0 77
0 77
0 77
0 77
0 77
0 77
0 77
0 77
0 77
0 77
0 77
0 77
0 77
0 77
0 77
0 77
0 77
0 77
0 77
0 77
0 77
0 77
0 77
0 77
0 77
0 77
0 77
0 77
0 77
0 77
0 77
0 77
0 77
0 77
0 77
0 77
0 77
0 77
0 77
0 77
1 -1
1 -1
1 -1
1 -1
1 -1
1 78
1 78
1 78
1 78
1 78
1 78
1 78
1 78
1 78
1 78
1 78
1 78
1 78
1 78
1 78
1 78
1 78
1 78
1 78
1 78
1 78
1 78
1 78
1 78
1 78
1 78
1 78
1 78
1 78
1 78
0 78
0 78
0 78
0 78
0 78
0 -1
0 -1
0 -1
0 -1
0 -1
0 79
0 79
0 79
0 79
0 79
1 79
1 79
1 79
1 79
1 79
1 79
1 79
1 79
1 79
1 79
1 79
1 79
1 79
1 79
1 79
0 79
0 79
0 79
0 79
0 79
1 79
1 79
1 79
1 79
1 79
0 79
0 79
0 79
0 79
0 79
1 79
1 79
1 79
1 79
1 79
1 79
1 79
1 79
1 79
1 79
0 79
0 79
0 79
0 79
0 79
0 79
0 79
0 79
0 79
0 79
1 79
1 79
1 79
1 79
1 79
1 79
1 79
1 79
1 79
1 79
1 79
1 79
1 79
1 79
1 79
1 -1
1 -1
1 -1
1 -1
1 -1
1 80
1 80
1 80
1 80
1 80
1 -1
1 -1
1 -1
1 -1
1 -1
1 81
1 81
1 81
1 81
1 81
0 81
0 81
0 81
0 81
0 81
0 81
0 81
0 81
0 81
0 81
1 81
1 81
1 81
1 81
1 81
1 81
1 81
1 81
1 81
1 81
1 81
1 81
1 81
1 81
1 81
0 81
0 81
0 81
0 81
0 81
0 81
0 81
0 81
0 81
0 81
1 81
1 81
1 81
1 81
1 81
0 81
0 81
0 81
0 81
0 81
0 81
0 81
0 81
0 81
0 81
0 81
0 81
0 81
0 81
0 81
0 81
0 81
0 81
0 81
0 81
0 81
0 81
0 81
0 81
0 81
0 81
0 81
0 81
0 81
0 81
0 81
0 81
0 81
0 81
0 81
0 81
0 81
0 81
0 81
0 81
0 81
0 81
0 81
0 81
0 81
0 81
0 81
0 81
0 81
0 81
0 81
0 81
0 81
0 81
0 81
0 81
0 81
0 81
0 81
0 81
0 81
0 81
0 81
0 81
0 81
0 81
0 81
0 81
0 81
0 81
0 81
0 81
0 81
0 81
0 81
0 81
0 81
0 81
0 81
0 81
1 81
1 81
1 81
1 81
1 81
1 81
1 81
1 81
1 81
1 81
0 81
0 81
0 81
0 81
0 81
0 81
0 81
0 81
0 81
0 81
1 81
1 81
1 81
1 81
1 81
0 81
0 81
0 81
0 81
0 81
0 81
0 81
0 81
0 81
0 81
0 81
0 81
0 81
0 81
0 81
1 81
1 81
1 81
1 81
1 81
1 -1
1 -1
1 -1
1 -1
1 -1
1 82
1 82
1 82
1 82
1 82
1 82
1 82
1 82
1 82
1 82
1 82
1 82
1 82
1 82
1 82
1 82
1 82
1 82
1 82
1 82
1 -1
1 -1
1 -1
1 -1
1 -1
1 83
1 83
1 83
1 83
1 83
1 83
1 83
1 83
1 83
1 83
1 83
1 83
1 83
1 83
1 83
1 83
1 83
1 83
1 83
1 83
1 83
1 83
1 83
1 83
1 83
1 -1
1 -1
1 -1
1 -1
1 -1
1 84
1 84
1 84
1 84
1 84
1 84
1 84
1 84
1 84
1 84
1 84
1 84
1 84
1 84
1 84
1 84
1 84
1 84
1 84
1 84
1 84
1 84
1 84
1 84
1 84
1 84
1 84
1 84
1 84
1 84
1 84
1 84
1 84
1 84
1 84
1 84
1 84
1 84
1 84
1 84
1 -1
1 -1
1 -1
1 -1
1 -1
1 85
1 85
1 85
1 85
1 85
1 85
1 85
1 85
1 85
1 85
1 85
1 85
1 85
1 85
1 85
1 85
1 85
1 85
1 85
1 85
1 85
1 85
1 85
1 85
1 85
1 -1
1 -1
1 -1
1 -1
1 -1
1 86
1 86
1 86
1 86
1 86
1 86
1 86
1 86
1 86
1 86
1 86
1 86
1 86
1 86
1 86
1 86
1 86
1 86
1 86
1 86
1 86
1 86
1 86
1 86
1 86
1 86
1 86
1 86
1 86
1 86
1 86
1 86
1 86
1 86
1 86
1 86
1 86
1 86
1 86
1 86
1 -1
1 -1
1 -1
1 -1
1 -1
1 87
1 87
1 87
1 87
1 87
1 87
1 87
1 87
1 87
1 87
1 87
1 87
1 87
1 87
1 87
1 87
1 87
1 87
1 87
1 87
1 87
1 87
1 87
1 87
1 87
1 87
1 87
1 87
1 87
1 87
1 -1
1 -1
1 -1
1 -1
1 -1
1 88
1 88
1 88
1 88
1 88
1 88
1 88
1 88
1 88
1 88
1 88
1 88
1 88
1 88
1 88
1 88
1 88
1 88
1 88
1 88
1 88
1 88
1 88
1 88
1 88
1 88
1 88
1 88
1 88
1 88
1 88
1 88
1 88
1 88
1 88
1 88
1 88
1 88
1 88
1 88
1 88
1 88
1 88
1 88
1 88
1 88
1 88
1 88
1 88
1 88
1 -1
1 -1
1 -1
1 -1
1 -1
1 89
1 89
1 89
1 89
1 89
1 89
1 89
1 89
1 89
1 89
1 89
1 89
1 89
1 89
1 89
1 89
1 89
1 89
1 89
1 89
1 89
1 89
1 89
1 89
1 89
1 -1
1 -1
1 -1
1 -1
1 -1
1 90
1 90
1 90
1 90
1 90
1 90
1 90
1 90
1 90
1 90
1 90
1 90
1 90
1 90
1 90
1 90
1 90
1 90
1 90
1 90
1 90
1 90
1 90
1 90
1 90
1 -1
1 -1
1 -1
1 -1
1 -1
1 91
1 91
1 91
1 91
1 91
1 91
1 91
1 91
1 91
1 91
1 91
1 91
1 91
1 91
1 91
1 91
1 91
1 91
1 91
1 91
1 91
1 91
1 91
1 91
1 91
1 91
1 91
1 91
1 91
1 91
1 91
1 91
1 91
1 91
1 91
1 91
1 91
1 91
1 91
1 91
1 91
1 91
1 91
1 91
1 91
1 -1
1 -1
1 -1
1 -1
1 -1
1 92
1 92
1 92
1 92
1 92
0 92
0 92
0 92
0 92
0 92
0 92
0 92
0 92
0 92
0 92
0 92
0 92
0 92
0 92
0 92
0 92
0 92
0 92
0 92
0 92
1 92
1 92
1 92
1 92
1 92
0 92
0 92
0 92
0 92
0 92
1 92
1 92
1 92
1 92
1 92
0 92
0 92
0 92
0 92
0 92
0 92
0 92
0 92
0 92
0 92
0 92
0 92
0 92
0 92
0 92
0 92
0 92
0 92
0 92
0 92
0 92
0 92
0 92
0 92
0 92
1 92
1 92
1 92
1 92
1 92
1 92
1 92
1 92
1 92
1 92
1 -1
1 -1
1 -1
1 -1
1 -1
1 93
1 93
1 93
1 93
1 93
1 93
1 93
1 93
1 93
1 93
1 93
1 93
1 93
1 93
1 93
1 93
1 93
1 93
1 93
1 93
0 -1
0 -1
0 -1
0 -1
0 -1
0 94
0 94
0 94
0 94
0 94
0 94
0 94
0 94
0 94
0 94
0 94
0 94
0 94
0 94
0 94
1 94
1 94
1 94
1 94
1 94
0 94
0 94
0 94
0 94
0 94
0 94
0 94
0 94
0 94
0 94
0 94
0 94
0 94
0 94
0 94
1 94
1 94
1 94
1 94
1 94
0 94
0 94
0 94
0 94
0 94
0 94
0 94
0 94
0 94
0 94
0 94
0 94
0 94
0 94
0 94
0 94
0 94
0 94
0 94
0 94
0 94
0 94
0 94
0 94
0 94
0 94
0 94
0 94
0 94
0 94
0 -1
0 -1
0 -1
0 -1
0 -1
0 95
0 95
0 95
0 95
0 95
0 95
0 95
0 95
0 95
0 95
0 95
0 95
0 95
0 95
0 95
0 95
0 95
0 95
0 95
0 95
1 95
1 95
1 95
1 95
1 95
1 -1
1 -1
1 -1
1 -1
1 -1
1 96
1 96
1 96
1 96
1 96
1 96
1 96
1 96
1 96
1 96
1 96
1 96
1 96
1 96
1 96
1 -1
1 -1
1 -1
1 -1
1 -1
1 97
1 97
1 97
1 97
1 97
0 97
0 97
0 97
0 97
0 97
0 97
0 97
0 97
0 97
0 97
0 97
0 97
0 97
0 97
0 97
0 97
0 97
0 97
0 97
0 97
0 97
0 97
0 97
0 97
0 97
0 97
0 97
0 97
0 97
0 97
0 97
0 97
0 97
0 97
0 97
0 97
0 97
0 97
0 97
0 97
0 97
0 97
0 97
0 97
0 97
0 97
0 97
0 97
0 97
0 97
0 97
0 97
0 97
0 97
0 97
1 97
1 97
1 97
1 97
1 97
0 97
0 97
0 97
0 97
0 97
1 97
1 97
1 97
1 97
1 97
1 97
1 97
1 97
1 97
1 97
1 97
1 97
1 97
1 97
1 97
1 -1
1 -1
1 -1
1 -1
1 -1
1 98
1 98
1 98
1 98
1 98
1 98
1 98
1 98
1 98
1 98
1 98
1 98
1 98
1 98
1 98
1 98
1 98
1 98
1 98
1 98
1 98
1 98
1 98
1 98
1 98
1 98
1 98
1 98
1 98
1 98
1 98
1 98
1 98
1 98
1 98
1 -1
1 -1
1 -1
1 -1
1 -1
0 99
0 99
0 99
0 99
0 99
0 99
0 99
0 99
0 99
0 99
0 99
0 99
0 99
0 99
0 99
0 99
0 99
0 99
0 99
0 99
0 99
0 99
0 99
0 99
0 99
0 99
0 99
0 99
0 99
0 99
0 99
0 99
0 99
0 99
0 99
1 -1
1 -1
1 -1
1 -1
1 -1
0 100
0 100
0 100
0 100
0 100
0 100
0 100
0 100
0 100
0 100
0 100
0 100
0 100
0 100
0 100
0 100
0 100
0 100
0 100
0 100
1 100
1 100
1 100
1 100
1 100
1 100
1 100
1 100
1 100
1 100
1 100
1 100
1 100
1 100
1 100
1 100
1 100
1 100
1 100
1 100
1 100
1 100
1 100
1 100
1 100
1 100
1 100
1 100
1 100
1 100
1 100
1 100
1 100
1 100
1 100
1 100
1 100
1 100
1 100
1 100
1 100
1 100
1 100
1 100
1 100
0 100
0 100
0 100
0 100
0 100
0 100
0 100
0 100
0 100
0 100
1 -1
1 -1
1 -1
1 -1
1 -1
1 101
1 101
1 101
1 101
1 101
1 101
1 101
1 101
1 101
1 101
1 101
1 101
1 101
1 101
1 101
1 101
1 101
1 101
1 101
1 101
1 101
1 101
1 101
1 101
1 101
0 101
0 101
0 101
0 101
0 101
1 101
1 101
1 101
1 101
1 101
1 101
1 101
1 101
1 101
1 101
0 101
0 101
0 101
0 101
0 101
0 101
0 101
0 101
0 101
0 101
0 101
0 101
0 101
0 101
0 101
1 -1
1 -1
1 -1
1 -1
1 -1
1 102
1 102
1 102
1 102
1 102
0 102
0 102
0 102
0 102
0 102
0 102
0 102
0 102
0 102
0 102
0 102
0 102
0 102
0 102
0 102
0 102
0 102
0 102
0 102
0 102
0 102
0 102
0 102
0 102
0 102
1 102
1 102
1 102
1 102
1 102
1 102
1 102
1 102
1 102
1 102
1 -1
1 -1
1 -1
1 -1
1 -1
1 103
1 103
1 103
1 103
1 103
1 103
1 103
1 103
1 103
1 103
1 103
1 103
1 103
1 103
1 103
1 103
1 103
1 103
1 103
1 103
1 103
1 103
1 103
1 103
1 103
1 103
1 103
1 103
1 103
1 103
1 103
1 103
1 103
1 103
1 103
1 103
1 103
1 103
1 103
1 103
1 -1
1 -1
1 -1
1 -1
1 -1
0 104
0 104
0 104
0 104
0 104
0 104
0 104
0 104
0 104
0 104
0 104
0 104
0 104
0 104
0 104
0 104
0 104
0 104
0 104
0 104
0 104
0 104
0 104
0 104
0 104
0 104
0 104
0 104
0 104
0 104
0 104
0 104
0 104
0 104
0 104
0 104
0 104
0 104
0 104
0 104
1 -1
1 -1
1 -1
1 -1
1 -1
1 105
1 105
1 105
1 105
1 105
1 105
1 105
1 105
1 105
1 105
1 105
1 105
1 105
1 105
1 105
1 -1
1 -1
1 -1
1 -1
1 -1
1 106
1 106
1 106
1 106
1 106
1 106
1 106
1 106
1 106
1 106
1 106
1 106
1 106
1 106
1 106
1 106
1 106
1 106
1 106
1 106
1 106
1 106
1 106
1 106
1 106
1 106
1 106
1 106
1 106
1 106
1 106
1 106
1 106
1 106
1 106
1 106
1 106
1 106
1 106
1 106
1 -1
1 -1
1 -1
1 -1
1 -1
0 107
0 107
0 107
0 107
0 107
0 107
0 107
0 107
0 107
0 107
0 107
0 107
0 107
0 107
0 107
1 107
1 107
1 107
1 107
1 107
0 -1
0 -1
0 -1
0 -1
0 -1
0 108
0 108
0 108
0 108
0 108
0 108
0 108
0 108
0 108
0 108
0 108
0 108
0 108
0 108
0 108
0 108
0 108
0 108
0 108
0 108
0 108
0 108
0 108
0 108
0 108
0 108
0 108
0 108
0 108
0 108
0 108
0 108
0 108
0 108
0 108
0 108
0 108
0 108
0 108
0 108
0 108
0 108
0 108
0 108
0 108
0 108
0 108
0 108
0 108
0 108
0 108
0 108
0 108
0 108
0 108
0 108
0 108
0 108
0 108
0 108
1 108
1 108
1 108
1 108
1 108
1 -1
1 -1
1 -1
1 -1
1 -1
1 109
1 109
1 109
1 109
1 109
1 109
1 109
1 109
1 109
1 109
1 109
1 109
1 109
1 109
1 109
1 109
1 109
1 109
1 109
1 109
1 109
1 109
1 109
1 109
1 109
1 109
1 109
1 109
1 109
1 109
1 109
1 109
1 109
1 109
1 109
1 109
1 109
1 109
1 109
1 109
1 109
1 109
1 109
1 109
1 109
1 109
1 109
1 109
1 109
1 109
1 109
1 109
1 109
1 109
1 109
1 109
1 109
1 109
1 109
1 109
1 109
1 109
1 109
1 109
1 109
1 109
1 109
1 109
1 109
1 109
1 109
1 109
1 109
1 109
1 109
1 109
1 109
1 109
1 109
1 109
1 109
1 109
1 109
1 109
1 109
1 109
1 109
1 109
1 109
1 109
1 109
1 109
1 109
1 109
1 109
1 109
1 109
1 109
1 109
1 109
1 109
1 109
1 109
1 109
1 109
1 109
1 109
1 109
1 109
1 109
1 -1
1 -1
1 -1
1 -1
1 -1
1 110
1 110
1 110
1 110
1 110
0 110
0 110
0 110
0 110
0 110
0 110
0 110
0 110
0 110
0 110
1 110
1 110
1 110
1 110
1 110
1 110
1 110
1 110
1 110
1 110
1 110
1 110
1 110
1 110
1 110
1 110
1 110
1 110
1 110
1 110
1 110
1 110
1 110
1 110
1 110
1 -1
1 -1
1 -1
1 -1
1 -1
0 111
0 111
0 111
0 111
0 111
0 111
0 111
0 111
0 111
0 111
0 111
0 111
0 111
0 111
0 111
0 111
0 111
0 111
0 111
0 111
0 111
0 111
0 111
0 111
0 111
0 111
0 111
0 111
0 111
0 111
0 111
0 111
0 111
0 111
0 111
0 111
0 111
0 111
0 111
0 111
0 111
0 111
0 111
0 111
0 111
0 111
0 111
0 111
0 111
0 111
0 111
0 111
0 111
0 111
0 111
0 111
0 111
0 111
0 111
0 111
0 111
0 111
0 111
0 111
0 111
0 111
0 111
0 111
0 111
0 111
0 111
0 111
0 111
0 111
0 111
0 111
0 111
0 111
0 111
0 111
0 111
0 111
0 111
0 111
0 111
0 111
0 111
0 111
0 111
0 111
0 111
0 111
0 111
0 111
0 111
1 111
1 111
1 111
1 111
1 111
1 111
1 111
1 111
1 111
1 111
1 111
1 111
1 111
1 111
1 111
1 111
1 111
1 111
1 111
1 111
1 111
1 111
1 111
1 111
1 111
0 -1
0 -1
0 -1
0 -1
0 -1
0 112
0 112
0 112
0 112
0 112
0 112
0 112
0 112
0 112
0 112
0 112
0 112
0 112
0 112
0 112
0 112
0 112
0 112
0 112
0 112
0 112
0 112
0 112
0 112
0 112
1 112
1 112
1 112
1 112
1 112
1 112
1 112
1 112
1 112
1 112
1 112
1 112
1 112
1 112
1 112
0 -1
0 -1
0 -1
0 -1
0 -1
0 113
0 113
0 113
0 113
0 113
0 113
0 113
0 113
0 113
0 113
0 113
0 113
0 113
0 113
0 113
0 113
0 113
0 113
0 113
0 113
0 113
0 113
0 113
0 113
0 113
0 113
0 113
0 113
0 113
0 113
0 113
0 113
0 113
0 113
0 113
0 113
0 113
0 113
0 113
0 113
0 113
0 113
0 113
0 113
0 113
1 113
1 113
1 113
1 113
1 113
1 -1
1 -1
1 -1
1 -1
1 -1
1 114
1 114
1 114
1 114
1 114
1 114
1 114
1 114
1 114
1 114
1 114
1 114
1 114
1 114
1 114
1 -1
1 -1
1 -1
1 -1
1 -1
1 115
1 115
1 115
1 115
1 115
1 115
1 115
1 115
1 115
1 115
1 115
1 115
1 115
1 115
1 115
1 115
1 115
1 115
1 115
1 115
1 115
1 115
1 115
1 115
1 115
1 115
1 115
1 115
1 115
1 115
1 115
1 115
1 115
1 115
1 115
1 -1
1 -1
1 -1
1 -1
1 -1
1 116
1 116
1 116
1 116
1 116
1 116
1 116
1 116
1 116
1 116
1 116
1 116
1 116
1 116
1 116
1 116
1 116
1 116
1 116
1 116
0 116
0 116
0 116
0 116
0 116
0 116
0 116
0 116
0 116
0 116
0 116
0 116
0 116
0 116
0 116
0 116
0 116
0 116
0 116
0 116
0 -1
0 -1
0 -1
0 -1
0 -1
0 117
0 117
0 117
0 117
0 117
0 117
0 117
0 117
0 117
0 117
1 117
1 117
1 117
1 117
1 117
0 117
0 117
0 117
0 117
0 117
0 117
0 117
0 117
0 117
0 117
0 117
0 117
0 117
0 117
0 117
0 117
0 117
0 117
0 117
0 117
1 117
1 117
1 117
1 117
1 117
1 -1
1 -1
1 -1
1 -1
1 -1
1 118
1 118
1 118
1 118
1 118
0 -1
0 -1
0 -1
0 -1
0 -1
0 119
0 119
0 119
0 119
0 119
0 119
0 119
0 119
0 119
0 119
0 119
0 119
0 119
0 119
0 119
0 119
0 119
0 119
0 119
0 119
0 119
0 119
0 119
0 119
0 119
0 119
0 119
0 119
0 119
0 119
0 119
0 119
0 119
0 119
0 119
0 119
0 119
0 119
0 119
0 119
0 119
0 119
0 119
0 119
0 119
0 119
0 119
0 119
0 119
0 119
0 119
0 119
0 119
0 119
0 119
0 119
0 119
0 119
0 119
0 119
0 119
0 119
0 119
0 119
0 119
0 119
0 119
0 119
0 119
0 119
0 119
0 119
0 119
0 119
0 119
0 119
0 119
0 119
0 119
0 119
0 119
0 119
0 119
0 119
0 119
0 -1
0 -1
0 -1
0 -1
0 -1
0 120
0 120
0 120
0 120
0 120
0 120
0 120
0 120
0 120
0 120
1 120
1 120
1 120
1 120
1 120
1 120
1 120
1 120
1 120
1 120
1 -1
1 -1
1 -1
1 -1
1 -1
0 121
0 121
0 121
0 121
0 121
0 121
0 121
0 121
0 121
0 121
0 121
0 121
0 121
0 121
0 121
0 121
0 121
0 121
0 121
0 121
0 121
0 121
0 121
0 121
0 121
0 121
0 121
0 121
0 121
0 121
0 121
0 121
0 121
0 121
0 121
0 121
0 121
0 121
0 121
0 121
0 121
0 121
0 121
0 121
0 121
0 121
0 121
0 121
0 121
0 121
0 121
0 121
0 121
0 121
0 121
0 121
0 121
0 121
0 121
0 121
0 121
0 121
0 121
0 121
0 121
0 121
0 121
0 121
0 121
0 121
0 121
0 121
0 121
0 121
0 121
0 121
0 121
0 121
0 121
0 121
0 121
0 121
0 121
0 121
0 121
0 121
0 121
0 121
0 121
0 121
0 121
0 121
0 121
0 121
0 121
0 121
0 121
0 121
0 121
0 121
0 121
0 121
0 121
0 121
0 121
0 121
0 121
0 121
0 121
0 121
0 121
0 121
0 121
0 121
0 121
0 121
0 121
0 121
0 121
0 121
0 121
0 121
0 121
0 121
0 121
0 121
0 121
0 121
0 121
0 121
1 121
1 121
1 121
1 121
1 121
1 121
1 121
1 121
1 121
1 121
1 121
1 121
1 121
1 121
1 121
1 121
1 121
1 121
1 121
1 121
0 -1
0 -1
0 -1
0 -1
0 -1
0 122
0 122
0 122
0 122
0 122
0 122
0 122
0 122
0 122
0 122
0 122
0 122
0 122
0 122
0 122
0 122
0 122
0 122
0 122
0 122
0 122
0 122
0 122
0 122
0 122
0 122
0 122
0 122
0 122
0 122
0 122
0 122
0 122
0 122
0 122
0 122
0 122
0 122
0 122
0 122
0 122
0 122
0 122
0 122
0 122
0 122
0 122
0 122
0 122
0 122
0 122
0 122
0 122
0 122
0 122
0 122
0 122
0 122
0 122
0 122
0 122
0 122
0 122
0 122
0 122
0 122
0 122
0 122
0 122
0 122
1 -1
1 -1
1 -1
1 -1
1 -1
1 123
1 123
1 123
1 123
1 123
1 123
1 123
1 123
1 123
1 123
1 123
1 123
1 123
1 123
1 123
1 123
1 123
1 123
1 123
1 123
1 123
1 123
1 123
1 123
1 123
1 123
1 123
1 123
1 123
1 123
1 123
1 123
1 123
1 123
1 123
1 123
1 123
1 123
1 123
1 123
1 123
1 123
1 123
1 123
1 123
1 123
1 123
1 123
1 123
1 123
1 123
1 123
1 123
1 123
1 123
1 123
1 123
1 123
1 123
1 123
0 -1
0 -1
0 -1
0 -1
0 -1
0 124
0 124
0 124
0 124
0 124
0 124
0 124
0 124
0 124
0 124
0 124
0 124
0 124
0 124
0 124
0 124
0 124
0 124
0 124
0 124
0 124
0 124
0 124
0 124
0 124
0 124
0 124
0 124
0 124
0 124
0 124
0 124
0 124
0 124
0 124
0 124
0 124
0 124
0 124
0 124
0 124
0 124
0 124
0 124
0 124
0 124
0 124
0 124
0 124
0 124
0 124
0 124
0 124
0 124
0 124
0 124
0 124
0 124
0 124
0 124
0 124
0 124
0 124
0 124
0 124
0 124
0 124
0 124
0 124
0 124
0 124
0 124
0 124
0 124
0 124
0 124
0 124
0 124
0 124
0 124
0 124
0 124
0 124
0 124
0 124
0 124
0 124
0 124
0 124
0 124
0 124
0 124
0 124
0 124
0 124
0 124
0 124
0 124
0 124
0 124
0 124
0 124
0 124
0 124
0 124
0 124
0 124
0 124
0 124
0 124
0 124
0 124
0 124
0 124
0 124
0 124
0 124
0 124
0 124
0 124
0 124
0 124
0 124
0 124
0 124
0 124
0 124
0 124
0 124
0 124
0 124
0 124
0 124
0 124
0 124
0 124
0 124
0 124
0 124
0 124
0 124
0 124
0 124
0 124
0 124
0 124
0 124
0 124
0 124
0 124
1 124
1 124
1 124
1 124
1 124
1 -1
1 -1
1 -1
1 -1
1 -1
1 125
1 125
1 125
1 125
1 125
1 125
1 125
1 125
1 125
1 125
1 125
1 125
1 125
1 125
1 125
1 125
1 125
1 125
1 125
1 125
1 125
1 125
1 125
1 125
1 125
1 125
1 125
1 125
1 125
1 125
1 125
1 125
1 125
1 125
1 125
1 125
1 125
1 125
1 125
1 125
1 -1
1 -1
1 -1
1 -1
1 -1
1 126
1 126
1 126
1 126
1 126
1 126
1 126
1 126
1 126
1 126
0 -1
0 -1
0 -1
0 -1
0 -1
0 127
0 127
0 127
0 127
0 127
0 127
0 127
0 127
0 127
0 127
0 127
0 127
0 127
0 127
0 127
0 127
0 127
0 127
0 127
0 127
0 127
0 127
0 127
0 127
0 127
0 127
0 127
0 127
0 127
0 127
0 127
0 127
0 127
0 127
0 127
0 127
0 127
0 127
0 127
0 127
0 127
0 127
0 127
0 127
0 127
1 127
1 127
1 127
1 127
1 127
0 127
0 127
0 127
0 127
0 127
0 127
0 127
0 127
0 127
0 127
1 127
1 127
1 127
1 127
1 127
1 -1
1 -1
1 -1
1 -1
1 -1
1 128
1 128
1 128
1 128
1 128
1 128
1 128
1 128
1 128
1 128
1 -1
1 -1
1 -1
1 -1
1 -1
1 129
1 129
1 129
1 129
1 129
0 129
0 129
0 129
0 129
0 129
0 129
0 129
0 129
0 129
0 129
0 129
0 129
0 129
0 129
0 129
0 129
0 129
0 129
0 129
0 129
0 129
0 129
0 129
0 129
0 129
0 129
0 129
0 129
0 129
0 129
0 129
0 129
0 129
0 129
0 129
0 129
0 129
0 129
0 129
0 129
0 129
0 129
0 129
0 129
0 129
0 129
0 129
0 129
0 129
0 129
0 129
0 129
0 129
0 129
0 129
0 129
0 129
0 129
0 129
0 129
0 129
0 129
0 129
0 129
0 129
0 129
0 129
0 129
0 129
0 129
0 129
0 129
0 129
0 129
0 129
0 129
0 129
0 129
0 129
0 129
0 129
0 129
0 129
0 129
0 129
0 129
0 129
0 129
0 129
0 129
0 129
0 129
0 129
0 129
0 129
0 129
0 129
0 129
0 129
0 129
0 129
0 129
0 129
0 129
0 129
0 129
0 129
0 129
0 129
0 129
0 129
0 129
0 129
0 129
0 129
1 129
1 129
1 129
1 129
1 129
1 129
1 129
1 129
1 129
1 129
1 129
1 129
1 129
1 129
1 129
1 -1
1 -1
1 -1
1 -1
1 -1
1 130
1 130
1 130
1 130
1 130
1 -1
1 -1
1 -1
1 -1
1 -1
1 131
1 131
1 131
1 131
1 131
1 131
1 131
1 131
1 131
1 131
1 131
1 131
1 131
1 131
1 131
1 131
1 131
1 131
1 131
1 131
1 131
1 131
1 131
1 131
1 131
1 131
1 131
1 131
1 131
1 131
1 131
1 131
1 131
1 131
1 131
1 131
1 131
1 131
1 131
1 131
1 131
1 131
1 131
1 131
1 131
0 131
0 131
0 131
0 131
0 131
1 131
1 131
1 131
1 131
1 131
0 131
0 131
0 131
0 131
0 131
0 131
0 131
0 131
0 131
0 131
1 -1
1 -1
1 -1
1 -1
1 -1
1 132
1 132
1 132
1 132
1 132
1 132
1 132
1 132
1 132
1 132
1 132
1 132
1 132
1 132
1 132
1 132
1 132
1 132
1 132
1 132
1 132
1 132
1 132
1 132
1 132
1 -1
1 -1
1 -1
1 -1
1 -1
0 133
0 133
0 133
0 133
0 133
0 133
0 133
0 133
0 133
0 133
0 133
0 133
0 133
0 133
0 133
0 133
0 133
0 133
0 133
0 133
0 133
0 133
0 133
0 133
0 133
1 133
1 133
1 133
1 133
1 133
1 -1
1 -1
1 -1
1 -1
1 -1
0 134
0 134
0 134
0 134
0 134
0 134
0 134
0 134
0 134
0 134
1 134
1 134
1 134
1 134
1 134
0 134
0 134
0 134
0 134
0 134
0 134
0 134
0 134
0 134
0 134
0 134
0 134
0 134
0 134
0 134
1 134
1 134
1 134
1 134
1 134
1 -1
1 -1
1 -1
1 -1
1 -1
1 135
1 135
1 135
1 135
1 135
1 135
1 135
1 135
1 135
1 135
1 -1
1 -1
1 -1
1 -1
1 -1
1 136
1 136
1 136
1 136
1 136
0 136
0 136
0 136
0 136
0 136
0 136
0 136
0 136
0 136
0 136
0 136
0 136
0 136
0 136
0 136
0 136
0 136
0 136
0 136
0 136
0 136
0 136
0 136
0 136
0 136
0 136
0 136
0 136
0 136
0 136
0 136
0 136
0 136
0 136
0 136
0 136
0 136
0 136
0 136
0 136
1 -1
1 -1
1 -1
1 -1
1 -1
1 137
1 137
1 137
1 137
1 137
1 137
1 137
1 137
1 137
1 137
1 137
1 137
1 137
1 137
1 137
1 137
1 137
1 137
1 137
1 137
1 -1
1 -1
1 -1
1 -1
1 -1
1 138
1 138
1 138
1 138
1 138
1 138
1 138
1 138
1 138
1 138
1 138
1 138
1 138
1 138
1 138
0 138
0 138
0 138
0 138
0 138
1 138
1 138
1 138
1 138
1 138
1 138
1 138
1 138
1 138
1 138
1 138
1 138
1 138
1 138
1 138
1 138
1 138
1 138
1 138
1 138
0 138
0 138
0 138
0 138
0 138
0 138
0 138
0 138
0 138
0 138
0 -1
0 -1
0 -1
0 -1
0 -1
0 139
0 139
0 139
0 139
0 139
0 139
0 139
0 139
0 139
0 139
0 139
0 139
0 139
0 139
0 139
0 139
0 139
0 139
0 139
0 139
0 139
0 139
0 139
0 139
0 139
0 139
0 139
0 139
0 139
0 139
0 139
0 139
0 139
0 139
0 139
0 139
0 139
0 139
0 139
0 139
0 139
0 139
0 139
0 139
0 139
0 139
0 139
0 139
0 139
0 139
1 -1
1 -1
1 -1
1 -1
1 -1
1 140
1 140
1 140
1 140
1 140
1 140
1 140
1 140
1 140
1 140
1 140
1 140
1 140
1 140
1 140
1 140
1 140
1 140
1 140
1 140
1 140
1 140
1 140
1 140
1 140
1 140
1 140
1 140
1 140
1 140
1 -1
1 -1
1 -1
1 -1
1 -1
1 141
1 141
1 141
1 141
1 141
0 141
0 141
0 141
0 141
0 141
1 141
1 141
1 141
1 141
1 141
1 141
1 141
1 141
1 141
1 141
1 141
1 141
1 141
1 141
1 141
1 141
1 141
1 141
1 141
1 141
0 -1
0 -1
0 -1
0 -1
0 -1
0 142
0 142
0 142
0 142
0 142
0 142
0 142
0 142
0 142
0 142
0 142
0 142
0 142
0 142
0 142
0 142
0 142
0 142
0 142
0 142
0 142
0 142
0 142
0 142
0 142
0 142
0 142
0 142
0 142
0 142
0 142
0 142
0 142
0 142
0 142
0 142
0 142
0 142
0 142
0 142
0 142
0 142
0 142
0 142
0 142
1 -1
1 -1
1 -1
1 -1
1 -1
1 143
1 143
1 143
1 143
1 143
0 143
0 143
0 143
0 143
0 143
0 143
0 143
0 143
0 143
0 143
0 143
0 143
0 143
0 143
0 143
0 143
0 143
0 143
0 143
0 143
0 143
0 143
0 143
0 143
0 143
0 143
0 143
0 143
0 143
0 143
0 143
0 143
0 143
0 143
0 143
0 143
0 143
0 143
0 143
0 143
0 143
0 143
0 143
0 143
0 143
0 143
0 143
0 143
0 143
0 143
0 143
0 143
0 143
0 143
0 143
0 143
0 143
0 143
0 143
0 143
0 143
0 143
0 143
0 143
0 143
0 143
0 143
0 143
0 143
0 143
0 143
0 143
0 143
0 143
0 143
0 143
0 143
0 143
0 143
0 143
0 143
0 143
0 143
0 143
0 143
0 143
0 143
0 143
0 143
0 143
0 143
0 143
0 143
0 143
0 143
0 143
0 143
0 143
0 143
0 143
1 143
1 143
1 143
1 143
1 143
0 143
0 143
0 143
0 143
0 143
0 -1
0 -1
0 -1
0 -1
0 -1
0 144
0 144
0 144
0 144
0 144
0 144
0 144
0 144
0 144
0 144
0 144
0 144
0 144
0 144
0 144
0 144
0 144
0 144
0 144
0 144
0 144
0 144
0 144
0 144
0 144
0 144
0 144
0 144
0 144
0 144
0 144
0 144
0 144
0 144
0 144
0 144
0 144
0 144
0 144
0 144
1 144
1 144
1 144
1 144
1 144
1 144
1 144
1 144
1 144
1 144
1 -1
1 -1
1 -1
1 -1
1 -1
0 145
0 145
0 145
0 145
0 145
0 145
0 145
0 145
0 145
0 145
0 145
0 145
0 145
0 145
0 145
0 145
0 145
0 145
0 145
0 145
0 145
0 145
0 145
0 145
0 145
0 145
0 145
0 145
0 145
0 145
0 145
0 145
0 145
0 145
0 145
0 145
0 145
0 145
0 145
0 145
0 145
0 145
0 145
0 145
0 145
0 145
0 145
0 145
0 145
0 145
0 145
0 145
0 145
0 145
0 145
0 145
0 145
0 145
0 145
0 145
0 145
0 145
0 145
0 145
0 145
0 145
0 145
0 145
0 145
0 145
0 145
0 145
0 145
0 145
0 145
0 145
0 145
0 145
0 145
0 145
0 145
0 145
0 145
0 145
0 145
0 145
0 145
0 145
0 145
0 145
0 145
0 145
0 145
0 145
0 145
0 145
0 145
0 145
0 145
0 145
0 145
0 145
0 145
0 145
0 145
0 145
0 145
0 145
0 145
0 145
0 145
0 145
0 145
0 145
0 145
0 -1
0 -1
0 -1
0 -1
0 -1
0 146
0 146
0 146
0 146
0 146
0 146
0 146
0 146
0 146
0 146
0 146
0 146
0 146
0 146
0 146
0 146
0 146
0 146
0 146
0 146
0 146
0 146
0 146
0 146
0 146
0 146
0 146
0 146
0 146
0 146
0 146
0 146
0 146
0 146
0 146
0 146
0 146
0 146
0 146
0 146
0 146
0 146
0 146
0 146
0 146
0 -1
0 -1
0 -1
0 -1
0 -1
0 147
0 147
0 147
0 147
0 147
0 147
0 147
0 147
0 147
0 147
0 147
0 147
0 147
0 147
0 147
0 147
0 147
0 147
0 147
0 147
0 147
0 147
0 147
0 147
0 147
0 147
0 147
0 147
0 147
0 147
0 147
0 147
0 147
0 147
0 147
0 147
0 147
0 147
0 147
0 147
0 147
0 147
0 147
0 147
0 147
0 147
0 147
0 147
0 147
0 147
0 147
0 147
0 147
0 147
0 147
0 147
0 147
0 147
0 147
0 147
0 147
0 147
0 147
0 147
0 147
0 147
0 147
0 147
0 147
0 147
0 147
0 147
0 147
0 147
0 147
0 147
0 147
0 147
0 147
0 147
0 147
0 147
0 147
0 147
0 147
0 147
0 147
0 147
0 147
0 147
0 147
0 147
0 147
0 147
0 147
0 147
0 147
0 147
0 147
0 147
0 147
0 147
0 147
0 147
0 147
0 147
0 147
0 147
0 147
0 147
0 147
0 147
0 147
0 147
0 147
0 147
0 147
0 147
0 147
0 147
0 147
0 147
0 147
0 147
0 147
0 147
0 147
0 147
0 147
0 147
0 147
0 147
0 147
0 147
0 147
0 147
0 147
0 147
0 147
0 147
0 147
0 147
0 147
0 147
0 147
1 147
1 147
1 147
1 147
1 147
1 -1
1 -1
1 -1
1 -1
1 -1
0 148
0 148
0 148
0 148
0 148
1 148
1 148
1 148
1 148
1 148
1 148
1 148
1 148
1 148
1 148
1 148
1 148
1 148
1 148
1 148
1 -1
1 -1
1 -1
1 -1
1 -1
0 149
0 149
0 149
0 149
0 149
0 149
0 149
0 149
0 149
0 149
0 149
0 149
0 149
0 149
0 149
0 149
0 149
0 149
0 149
0 149
1 149
1 149
1 149
1 149
1 149
0 -1
0 -1
0 -1
0 -1
0 -1
0 150
0 150
0 150
0 150
0 150
0 150
0 150
0 150
0 150
0 150
0 150
0 150
0 150
0 150
0 150
0 150
0 150
0 150
0 150
0 150
0 150
0 150
0 150
0 150
0 150
0 150
0 150
0 150
0 150
0 150
0 150
0 150
0 150
0 150
0 150
0 150
0 150
0 150
0 150
0 150
0 150
0 150
0 150
0 150
0 150
0 150
0 150
0 150
0 150
0 150
0 150
0 150
0 150
0 150
0 150
0 150
0 150
0 150
0 150
0 150
1 -1
1 -1
1 -1
1 -1
1 -1
1 151
1 151
1 151
1 151
1 151
1 -1
1 -1
1 -1
1 -1
1 -1
0 152
0 152
0 152
0 152
0 152
0 152
0 152
0 152
0 152
0 152
0 152
0 152
0 152
0 152
0 152
0 152
0 152
0 152
0 152
0 152
0 152
0 152
0 152
0 152
0 152
0 152
0 152
0 152
0 152
0 152
0 152
0 152
0 152
0 152
0 152
0 152
0 152
0 152
0 152
0 152
0 152
0 152
0 152
0 152
0 152
0 152
0 152
0 152
0 152
0 152
0 152
0 152
0 152
0 152
0 152
0 152
0 152
0 152
0 152
0 152
0 152
0 152
0 152
0 152
0 152
0 152
0 152
0 152
0 152
0 152
0 152
0 152
0 152
0 152
0 152
0 152
0 152
0 152
0 152
0 152
0 152
0 152
0 152
0 152
0 152
0 152
0 152
0 152
0 152
0 152
0 152
0 152
0 152
0 152
0 152
0 152
0 152
0 152
0 152
0 152
0 152
0 152
0 152
0 152
0 152
0 152
0 152
0 152
0 152
0 152
1 152
1 152
1 152
1 152
1 152
0 -1
0 -1
0 -1
0 -1
0 -1
0 153
0 153
0 153
0 153
0 153
0 153
0 153
0 153
0 153
0 153
0 153
0 153
0 153
0 153
0 153
0 153
0 153
0 153
0 153
0 153
0 153
0 153
0 153
0 153
0 153
0 153
0 153
0 153
0 153
0 153
0 153
0 153
0 153
0 153
0 153
0 153
0 153
0 153
0 153
0 153
0 153
0 153
0 153
0 153
0 153
0 153
0 153
0 153
0 153
0 153
0 153
0 153
0 153
0 153
0 153
0 153
0 153
0 153
0 153
0 153
0 153
0 153
0 153
0 153
0 153
0 153
0 153
0 153
0 153
0 153
-1 -1
-1 -1
-1 -1
-1 -1
-1 -1
-1 -1
-1 -1
-1 -1
-1 -1
-1 -1
-1 -1
-1 -1
-1 -1
-1 -1
-1 -1
-1 -1
-1 -1
-1 -1
-1 -1
-1 -1
-1 -1
-1 -1
-1 -1
-1 -1
-1 -1
-1 -1
-1 -1
-1 -1
-1 -1
-1 -1
0 -1
0 -1
0 -1
0 -1
0 -1
0 -1
0 -1
0 -1
0 -1
0 -1
1 -1
1 -1
1 -1
1 -1
1 -1
1 -1
1 -1
1 -1
1 -1
1 -1
1 -1
1 -1
1 -1
1 -1
1 -1
0 -1
0 -1
0 -1
0 -1
0 -1
0 -1
0 -1
0 -1
0 -1
0 -1
0 154
0 154
0 154
0 154
0 154
0 154
0 154
0 154
0 154
0 154
0 154
0 154
0 154
0 154
0 154
0 154
0 154
0 154
0 154
0 154
0 154
0 154
0 154
0 154
0 154
0 154
0 154
0 154
0 154
0 154
0 154
0 154
0 154
0 154
0 154
0 154
0 154
0 154
0 154
0 154
0 154
0 154
0 154
0 154
0 154
0 154
0 154
0 154
0 154
0 154
0 154
0 154
0 154
0 154
0 154
0 154
0 154
0 154
0 154
0 154
0 154
0 154
0 154
0 154
0 154
0 154
0 154
0 154
0 154
0 154
0 154
0 154
0 154
0 154
0 154
0 154
0 154
0 154
0 154
0 154
0 154
0 154
0 154
0 154
0 154
0 154
0 154
0 154
0 154
0 154
0 154
0 154
0 154
0 154
0 154
0 154
0 154
0 154
0 154
0 154
0 154
0 154
0 154
0 154
0 154
0 154
0 154
0 154
0 154
0 154
0 154
0 154
0 154
0 154
0 154
0 154
0 154
0 154
0 154
0 154
0 154
0 154
0 154
0 154
0 154
0 154
0 154
0 154
0 154
0 154
0 154
0 154
0 154
0 154
0 154
0 154
0 154
0 154
0 154
0 154
0 154
0 154
0 154
0 154
0 154
0 154
0 154
0 154
0 154
0 154
0 154
0 154
0 154
0 154
0 154
0 154
0 154
0 154
0 154
0 154
0 154
0 154
0 154
0 154
0 154
0 154
0 154
0 154
0 154
0 154
0 154
0 154
0 154
0 154
0 154
0 154
0 154
0 154
0 154
0 154
0 154
0 154
0 154
0 154
0 154
0 154
0 154
0 154
0 154
0 154
0 154
0 154
0 154
0 154
0 154
0 154
0 154
0 154
0 154
0 154
0 154
0 154
0 154
0 154
0 154
0 154
0 154
0 154
0 154
0 154
0 154
0 154
0 154
0 154
0 154
0 154
0 154
0 154
0 154
0 154
0 154
0 154
0 154
0 154
0 154
1 154
1 154
1 154
1 154
1 154
1 -1
1 -1
1 -1
1 -1
1 -1
1 155
1 155
1 155
1 155
1 155
1 155
1 155
1 155
1 155
1 155
1 155
1 155
1 155
1 155
1 155
1 155
1 155
1 155
1 155
1 155
1 155
1 155
1 155
1 155
1 155
1 155
1 155
1 155
1 155
1 155
1 155
1 155
1 155
1 155
1 155
1 155
1 155
1 155
1 155
1 155
1 155
1 155
1 155
1 155
1 155
1 155
1 155
1 155
1 155
1 155
0 -1
0 -1
0 -1
0 -1
0 -1
0 156
0 156
0 156
0 156
0 156
0 156
0 156
0 156
0 156
0 156
0 156
0 156
0 156
0 156
0 156
0 156
0 156
0 156
0 156
0 156
0 156
0 156
0 156
0 156
0 156
0 156
0 156
0 156
0 156
0 156
0 156
0 156
0 156
0 156
0 156
1 156
1 156
1 156
1 156
1 156
1 156
1 156
1 156
1 156
1 156
0 156
0 156
0 156
0 156
0 156
0 156
0 156
0 156
0 156
0 156
1 156
1 156
1 156
1 156
1 156
1 -1
1 -1
1 -1
1 -1
1 -1
1 157
1 157
1 157
1 157
1 157
1 157
1 157
1 157
1 157
1 157
1 157
1 157
1 157
1 157
1 157
1 157
1 157
1 157
1 157
1 157
1 -1
1 -1
1 -1
1 -1
1 -1
1 158
1 158
1 158
1 158
1 158
1 158
1 158
1 158
1 158
1 158
1 158
1 158
1 158
1 158
1 158
1 158
1 158
1 158
1 158
1 158
1 158
1 158
1 158
1 158
1 158
1 158
1 158
1 158
1 158
1 158
1 158
1 158
1 158
1 158
1 158
1 158
1 158
1 158
1 158
1 158
1 158
1 158
1 158
1 158
1 158
1 158
1 158
1 158
1 158
1 158
1 158
1 158
1 158
1 158
1 158
1 -1
1 -1
1 -1
1 -1
1 -1
1 159
1 159
1 159
1 159
1 159
1 159
1 159
1 159
1 159
1 159
1 159
1 159
1 159
1 159
1 159
1 159
1 159
1 159
1 159
1 159
1 159
1 159
1 159
1 159
1 159
1 159
1 159
1 159
1 159
1 159
1 -1
1 -1
1 -1
1 -1
1 -1
1 160
1 160
1 160
1 160
1 160
1 160
1 160
1 160
1 160
1 160
1 160
1 160
1 160
1 160
1 160
0 160
0 160
0 160
0 160
0 160
1 160
1 160
1 160
1 160
1 160
1 160
1 160
1 160
1 160
1 160
1 160
1 160
1 160
1 160
1 160
1 160
1 160
1 160
1 160
1 160
1 -1
1 -1
1 -1
1 -1
1 -1
1 161
1 161
1 161
1 161
1 161
0 161
0 161
0 161
0 161
0 161
0 161
0 161
0 161
0 161
0 161
0 161
0 161
0 161
0 161
0 161
1 161
1 161
1 161
1 161
1 161
1 161
1 161
1 161
1 161
1 161
1 -1
1 -1
1 -1
1 -1
1 -1
1 162
1 162
1 162
1 162
1 162
1 162
1 162
1 162
1 162
1 162
0 -1
0 -1
0 -1
0 -1
0 -1
0 163
0 163
0 163
0 163
0 163
0 163
0 163
0 163
0 163
0 163
0 163
0 163
0 163
0 163
0 163
0 163
0 163
0 163
0 163
0 163
0 163
0 163
0 163
0 163
0 163
0 163
0 163
0 163
0 163
0 163
0 163
0 163
0 163
0 163
0 163
0 163
0 163
0 163
0 163
0 163
0 163
0 163
0 163
0 163
0 163
0 163
0 163
0 163
0 163
0 163
0 163
0 163
0 163
0 163
0 163
0 163
0 163
0 163
0 163
0 163
0 163
0 163
0 163
0 163
0 163
0 163
0 163
0 163
0 163
0 163
0 163
0 163
0 163
0 163
0 163
0 163
0 163
0 163
0 163
0 163
0 163
0 163
0 163
0 163
0 163
0 163
0 163
0 163
0 163
0 163
0 163
0 163
0 163
0 163
0 163
0 163
0 163
0 163
0 163
0 163
0 163
0 163
0 163
0 163
0 163
0 163
0 163
0 163
0 163
0 163
0 163
0 163
0 163
0 163
0 163
0 163
0 163
0 163
0 163
0 163
0 163
0 163
0 163
0 163
0 163
0 163
0 163
0 163
0 163
0 163
0 163
0 163
0 163
0 163
0 163
0 163
0 163
0 163
0 163
0 163
0 163
0 163
0 163
0 163
0 163
0 163
0 163
0 163
0 163
0 163
0 163
0 163
0 163
0 163
0 163
0 163
0 163
0 163
0 163
0 163
0 163
0 163
0 163
0 163
0 163
0 163
0 163
0 163
0 163
0 163
0 163
0 163
0 163
0 163
0 163
0 163
0 163
0 163
0 163
0 163
0 163
0 163
0 163
0 163
0 163
0 163
0 163
0 163
0 163
0 163
0 163
0 163
0 163
0 163
0 163
0 163
0 163
0 163
0 163
0 163
0 163
0 163
0 163
0 163
0 163
0 163
0 163
0 163
0 163
0 163
0 163
0 163
0 163
0 163
0 163
0 163
0 163
0 163
0 163
0 163
1 163
1 163
1 163
1 163
1 163
1 -1
1 -1
1 -1
1 -1
1 -1
1 164
1 164
1 164
1 164
1 164
1 164
1 164
1 164
1 164
1 164
1 164
1 164
1 164
1 164
1 164
1 164
1 164
1 164
1 164
1 164
1 164
1 164
1 164
1 164
1 164
1 164
1 164
1 164
1 164
1 164
1 164
1 164
1 164
1 164
1 164
1 164
1 164
1 164
1 164
1 164
1 164
1 164
1 164
1 164
1 164
1 -1
1 -1
1 -1
1 -1
1 -1
0 165
0 165
0 165
0 165
0 165
0 165
0 165
0 165
0 165
0 165
0 165
0 165
0 165
0 165
0 165
0 165
0 165
0 165
0 165
0 165
0 165
0 165
0 165
0 165
0 165
0 165
0 165
0 165
0 165
0 165
0 165
0 165
0 165
0 165
0 165
0 165
0 165
0 165
0 165
0 165
0 165
0 165
0 165
0 165
0 165
0 165
0 165
0 165
0 165
0 165
0 165
0 165
0 165
0 165
0 165
0 165
0 165
0 165
0 165
0 165
0 165
0 165
0 165
0 165
0 165
0 165
0 165
0 165
0 165
0 165
0 165
0 165
0 165
0 165
0 165
0 165
0 165
0 165
0 165
0 165
0 165
0 165
0 165
0 165
0 165
0 165
0 165
0 165
0 165
0 165
0 165
0 165
0 165
0 165
0 165
0 165
0 165
0 165
0 165
0 165
0 165
0 165
0 165
0 165
0 165
0 165
0 165
0 165
0 165
0 165
0 165
0 165
0 165
0 165
0 165
0 165
0 165
0 165
0 165
0 165
0 165
0 165
0 165
0 165
0 165
0 165
0 165
0 165
0 165
0 165
0 165
0 165
0 165
0 165
0 165
0 165
0 165
0 165
0 165
0 165
0 165
0 165
0 165
0 165
0 165
0 165
0 165
0 165
0 165
0 165
0 165
0 165
0 165
0 165
0 165
0 165
0 165
0 165
0 165
0 165
0 165
0 165
0 165
0 165
0 165
0 165
0 165
0 165
0 165
0 165
0 165
0 165
0 165
0 165
0 165
0 165
0 165
0 165
0 165
0 165
0 165
0 165
0 165
0 165
0 165
0 165
0 165
0 165
0 165
0 165
0 165
0 165
0 165
0 165
0 165
0 165
0 165
0 165
0 165
0 165
0 165
0 165
0 165
0 165
0 165
0 165
0 165
0 165
0 165
0 165
0 165
0 165
0 165
0 165
0 165
0 165
0 165
0 165
0 165
0 165
0 165
0 165
0 165
0 165
0 165
0 165
0 165
0 165
0 165
0 165
0 165
0 165
0 165
0 165
0 165
0 165
0 165
0 165
0 165
0 165
0 165
0 165
0 165
0 165
0 165
0 165
0 165
0 165
0 165
0 165
0 165
0 165
0 165
0 165
0 165
0 165
0 165
0 165
0 165
0 165
0 165
0 165
0 165
0 165
0 165
0 165
0 165
0 165
0 165
0 165
0 165
0 165
0 165
0 165
0 165
0 165
0 165
0 165
0 165
0 165
0 165
0 165
0 165
0 165
0 165
0 165
0 165
0 165
0 165
0 165
0 165
0 165
0 165
0 165
0 165
0 165
0 165
0 165
0 165
0 165
0 165
0 165
0 165
0 165
0 165
0 165
0 165
0 165
0 165
0 165
0 165
0 165
0 165
0 165
0 165
0 165
0 165
0 165
0 165
0 165
1 165
1 165
1 165
1 165
1 165
1 -1
1 -1
1 -1
1 -1
1 -1
1 -1
1 -1
1 -1
1 -1
1 -1
0 -1
0 -1
0 -1
0 -1
0 -1
0 166
0 166
0 166
0 166
0 166
0 166
0 166
0 166
0 166
0 166
0 166
0 166
0 166
0 166
0 166
0 166
0 166
0 166
0 166
0 166
0 166
0 166
0 166
0 166
0 166
0 166
0 166
0 166
0 166
0 166
0 166
0 166
0 166
0 166
0 166
0 166
0 166
0 166
0 166
0 166
0 166
0 166
0 166
0 166
0 166
0 166
0 166
0 166
0 166
0 166
0 166
0 166
0 166
0 166
0 166
0 166
0 166
0 166
0 166
0 166
0 166
0 166
0 166
0 166
0 166
0 166
0 166
0 166
0 166
0 166
0 166
0 166
0 166
0 166
0 166
0 166
0 166
0 166
0 166
0 166
0 166
0 166
0 166
0 166
0 166
0 166
0 166
0 166
0 166
0 166
0 166
0 166
0 166
0 166
0 166
0 166
0 166
0 166
0 166
0 166
0 166
0 166
0 166
0 166
0 166
0 166
0 166
0 166
0 166
0 166
0 166
0 166
0 166
0 166
0 166
0 166
0 166
0 166
0 166
0 166
0 166
0 166
0 166
0 166
0 166
0 166
0 166
0 166
0 166
0 166
0 166
0 166
0 166
0 166
0 166
1 -1
1 -1
1 -1
1 -1
1 -1
1 167
1 167
1 167
1 167
1 167
0 167
0 167
0 167
0 167
0 167
0 167
0 167
0 167
0 167
0 167
0 167
0 167
0 167
0 167
0 167
0 167
0 167
0 167
0 167
0 167
0 167
0 167
0 167
0 167
0 167
0 167
0 167
0 167
0 167
0 167
0 -1
0 -1
0 -1
0 -1
0 -1
0 168
0 168
0 168
0 168
0 168
0 168
0 168
0 168
0 168
0 168
1 168
1 168
1 168
1 168
1 168
1 168
1 168
1 168
1 168
1 168
1 168
1 168
1 168
1 168
1 168
1 168
1 168
1 168
1 168
1 168
1 -1
1 -1
1 -1
1 -1
1 -1
1 169
1 169
1 169
1 169
1 169
1 169
1 169
1 169
1 169
1 169
1 169
1 169
1 169
1 169
1 169
1 169
1 169
1 169
1 169
1 169
1 169
1 169
1 169
1 169
1 169
1 169
1 169
1 169
1 169
1 169
1 169
1 169
1 169
1 169
1 169
1 169
1 169
1 169
1 169
1 169
1 -1
1 -1
1 -1
1 -1
1 -1
1 170
1 170
1 170
1 170
1 170
1 170
1 170
1 170
1 170
1 170
1 -1
1 -1
1 -1
1 -1
1 -1
0 171
0 171
0 171
0 171
0 171
1 171
1 171
1 171
1 171
1 171
0 171
0 171
0 171
0 171
0 171
0 171
0 171
0 171
0 171
0 171
1 171
1 171
1 171
1 171
1 171
1 171
1 171
1 171
1 171
1 171
1 171
1 171
1 171
1 171
1 171
1 171
1 171
1 171
1 171
1 171
1 171
1 171
1 171
1 171
1 171
1 171
1 171
1 171
1 171
1 171
1 171
1 171
1 171
1 171
1 171
1 -1
1 -1
1 -1
1 -1
1 -1
1 172
1 172
1 172
1 172
1 172
1 172
1 172
1 172
1 172
1 172
0 172
0 172
0 172
0 172
0 172
0 172
0 172
0 172
0 172
0 172
0 172
0 172
0 172
0 172
0 172
0 172
0 172
0 172
0 172
0 172
0 172
0 172
0 172
0 172
0 172
0 172
0 172
0 172
0 172
0 172
0 172
0 172
0 172
0 172
0 172
1 172
1 172
1 172
1 172
1 172
1 -1
1 -1
1 -1
1 -1
1 -1
1 173
1 173
1 173
1 173
1 173
1 173
1 173
1 173
1 173
1 173
1 173
1 173
1 173
1 173
1 173
1 173
1 173
1 173
1 173
1 173
1 173
1 173
1 173
1 173
1 173
1 173
1 173
1 173
1 173
1 173
1 -1
1 -1
1 -1
1 -1
1 -1
1 174
1 174
1 174
1 174
1 174
1 174
1 174
1 174
1 174
1 174
1 174
1 174
1 174
1 174
1 174
1 174
1 174
1 174
1 174
1 174
1 -1
1 -1
1 -1
1 -1
1 -1
1 175
1 175
1 175
1 175
1 175
0 175
0 175
0 175
0 175
0 175
0 175
0 175
0 175
0 175
0 175
0 175
0 175
0 175
0 175
0 175
1 175
1 175
1 175
1 175
1 175
1 -1
1 -1
1 -1
1 -1
1 -1
1 176
1 176
1 176
1 176
1 176
1 176
1 176
1 176
1 176
1 176
1 176
1 176
1 176
1 176
1 176
1 176
1 176
1 176
1 176
1 176
1 176
1 176
1 176
1 176
1 176
1 176
1 176
1 176
1 176
1 176
0 -1
0 -1
0 -1
0 -1
0 -1
0 177
0 177
0 177
0 177
0 177
0 177
0 177
0 177
0 177
0 177
0 177
0 177
0 177
0 177
0 177
0 177
0 177
0 177
0 177
0 177
0 177
0 177
0 177
0 177
0 177
0 177
0 177
0 177
0 177
0 177
0 177
0 177
0 177
0 177
0 177
0 177
0 177
0 177
0 177
0 177
0 177
0 177
0 177
0 177
0 177
0 177
0 177
0 177
0 177
0 177
0 177
0 177
0 177
0 177
0 177
0 177
0 177
0 177
0 177
0 177
0 177
0 177
0 177
0 177
0 177
0 177
0 177
0 177
0 177
0 177
0 177
0 177
0 177
0 177
0 177
0 177
0 177
0 177
0 177
0 177
0 177
0 177
0 177
0 177
0 177
0 177
0 177
0 177
0 177
0 177
0 177
0 177
0 177
0 177
0 177
1 177
1 177
1 177
1 177
1 177
1 -1
1 -1
1 -1
1 -1
1 -1
1 178
1 178
1 178
1 178
1 178
1 178
1 178
1 178
1 178
1 178
1 -1
1 -1
1 -1
1 -1
1 -1
1 179
1 179
1 179
1 179
1 179
1 179
1 179
1 179
1 179
1 179
0 179
0 179
0 179
0 179
0 179
1 179
1 179
1 179
1 179
1 179
1 179
1 179
1 179
1 179
1 179
1 179
1 179
1 179
1 179
1 179
1 -1
1 -1
1 -1
1 -1
1 -1
1 180
1 180
1 180
1 180
1 180
1 180
1 180
1 180
1 180
1 180
1 180
1 180
1 180
1 180
1 180
1 180
1 180
1 180
1 180
1 180
1 180
1 180
1 180
1 180
1 180
1 180
1 180
1 180
1 180
1 180
1 180
1 180
1 180
1 180
1 180
1 180
1 180
1 180
1 180
1 180
0 -1
0 -1
0 -1
0 -1
0 -1
0 181
0 181
0 181
0 181
0 181
0 181
0 181
0 181
0 181
0 181
0 181
0 181
0 181
0 181
0 181
0 181
0 181
0 181
0 181
0 181
0 181
0 181
0 181
0 181
0 181
0 181
0 181
0 181
0 181
0 181
1 181
1 181
1 181
1 181
1 181
0 181
0 181
0 181
0 181
0 181
0 181
0 181
0 181
0 181
0 181
1 181
1 181
1 181
1 181
1 181
0 181
0 181
0 181
0 181
0 181
0 181
0 181
0 181
0 181
0 181
0 181
0 181
0 181
0 181
0 181
1 -1
1 -1
1 -1
1 -1
1 -1
1 182
1 182
1 182
1 182
1 182
1 182
1 182
1 182
1 182
1 182
1 182
1 182
1 182
1 182
1 182
1 182
1 182
1 182
1 182
1 182
1 182
1 182
1 182
1 182
1 182
1 182
1 182
1 182
1 182
1 182
0 -1
0 -1
0 -1
0 -1
0 -1
1 183
1 183
1 183
1 183
1 183
0 183
0 183
0 183
0 183
0 183
0 183
0 183
0 183
0 183
0 183
0 183
0 183
0 183
0 183
0 183
0 183
0 183
0 183
0 183
0 183
0 183
0 183
0 183
0 183
0 183
0 183
0 183
0 183
0 183
0 183
0 183
0 183
0 183
0 183
0 183
0 -1
0 -1
0 -1
0 -1
0 -1
0 184
0 184
0 184
0 184
0 184
0 184
0 184
0 184
0 184
0 184
0 184
0 184
0 184
0 184
0 184
1 184
1 184
1 184
1 184
1 184
1 184
1 184
1 184
1 184
1 184
1 184
1 184
1 184
1 184
1 184
0 -1
0 -1
0 -1
0 -1
0 -1
0 185
0 185
0 185
0 185
0 185
0 185
0 185
0 185
0 185
0 185
0 185
0 185
0 185
0 185
0 185
0 185
0 185
0 185
0 185
0 185
0 185
0 185
0 185
0 185
0 185
0 185
0 185
0 185
0 185
0 185
0 185
0 185
0 185
0 185
0 185
0 185
0 185
0 185
0 185
0 185
0 185
0 185
0 185
0 185
0 185
1 -1
1 -1
1 -1
1 -1
1 -1
1 186
1 186
1 186
1 186
1 186
1 186
1 186
1 186
1 186
1 186
1 186
1 186
1 186
1 186
1 186
1 186
1 186
1 186
1 186
1 186
1 -1
1 -1
1 -1
1 -1
1 -1
0 187
0 187
0 187
0 187
0 187
0 187
0 187
0 187
0 187
0 187
0 187
0 187
0 187
0 187
0 187
0 187
0 187
0 187
0 187
0 187
0 187
0 187
0 187
0 187
0 187
0 187
0 187
0 187
0 187
0 187
-1 187
-1 187
-1 187
-1 187
-1 187
0 187
0 187
0 187
0 187
0 187
0 187
0 187
0 187
0 187
0 187
0 187
0 187
0 187
0 187
0 187
1 -1
1 -1
1 -1
1 -1
1 -1
0 188
0 188
0 188
0 188
0 188
0 188
0 188
0 188
0 188
0 188
0 188
0 188
0 188
0 188
0 188
0 188
0 188
0 188
0 188
0 188
1 188
1 188
1 188
1 188
1 188
1 188
1 188
1 188
1 188
1 188
1 -1
1 -1
1 -1
1 -1
1 -1
1 189
1 189
1 189
1 189
1 189
1 189
1 189
1 189
1 189
1 189
0 189
0 189
0 189
0 189
0 189
0 189
0 189
0 189
0 189
0 189
1 189
1 189
1 189
1 189
1 189
1 -1
1 -1
1 -1
1 -1
1 -1
1 190
1 190
1 190
1 190
1 190
0 190
0 190
0 190
0 190
0 190
0 190
0 190
0 190
0 190
0 190
0 190
0 190
0 190
0 190
0 190
0 190
0 190
0 190
0 190
0 190
1 190
1 190
1 190
1 190
1 190
1 190
1 190
1 190
1 190
1 190
1 190
1 190
1 190
1 190
1 190
1 190
1 190
1 190
1 190
1 190
1 190
1 190
1 190
1 190
1 190
1 190
1 190
1 190
1 190
1 190
0 -1
0 -1
0 -1
0 -1
0 -1
0 191
0 191
0 191
0 191
0 191
0 191
0 191
0 191
0 191
0 191
0 191
0 191
0 191
0 191
0 191
0 191
0 191
0 191
0 191
0 191
0 191
0 191
0 191
0 191
0 191
0 191
0 191
0 191
0 191
0 191
0 191
0 191
0 191
0 191
0 191
0 191
0 191
0 191
0 191
0 191
0 191
0 191
0 191
0 191
0 191
0 191
0 191
0 191
0 191
0 191
0 191
0 191
0 191
0 191
0 191
0 191
0 191
0 191
0 191
0 191
0 191
0 191
0 191
0 191
0 191
0 191
0 191
0 191
0 191
0 191
0 191
0 191
0 191
0 191
0 191
1 191
1 191
1 191
1 191
1 191
1 -1
1 -1
1 -1
1 -1
1 -1
1 192
1 192
1 192
1 192
1 192
1 192
1 192
1 192
1 192
1 192
1 192
1 192
1 192
1 192
1 192
1 192
1 192
1 192
1 192
1 192
1 192
1 192
1 192
1 192
1 192
0 192
0 192
0 192
0 192
0 192
1 192
1 192
1 192
1 192
1 192
1 192
1 192
1 192
1 192
1 192
1 192
1 192
1 192
1 192
1 192
1 192
1 192
1 192
1 192
1 192
1 192
1 192
1 192
1 192
1 192
1 -1
1 -1
1 -1
1 -1
1 -1
1 193
1 193
1 193
1 193
1 193
1 193
1 193
1 193
1 193
1 193
1 193
1 193
1 193
1 193
1 193
1 193
1 193
1 193
1 193
1 193
1 193
1 193
1 193
1 193
1 193
1 193
1 193
1 193
1 193
1 193
1 -1
1 -1
1 -1
1 -1
1 -1
1 194
1 194
1 194
1 194
1 194
1 194
1 194
1 194
1 194
1 194
1 194
1 194
1 194
1 194
1 194
1 194
1 194
1 194
1 194
1 194
1 194
1 194
1 194
1 194
1 194
1 194
1 194
1 194
1 194
1 194
1 194
1 194
1 194
1 194
1 194
1 194
1 194
1 194
1 194
1 194
1 194
1 194
1 194
1 194
1 194
0 -1
0 -1
0 -1
0 -1
0 -1
0 195
0 195
0 195
0 195
0 195
0 195
0 195
0 195
0 195
0 195
0 195
0 195
0 195
0 195
0 195
0 195
0 195
0 195
0 195
0 195
0 195
0 195
0 195
0 195
0 195
0 195
0 195
0 195
0 195
0 195
0 195
0 195
0 195
0 195
0 195
0 195
0 195
0 195
0 195
0 195
0 195
0 195
0 195
0 195
0 195
1 195
1 195
1 195
1 195
1 195
0 195
0 195
0 195
0 195
0 195
1 195
1 195
1 195
1 195
1 195
0 -1
0 -1
0 -1
0 -1
0 -1
0 196
0 196
0 196
0 196
0 196
1 196
1 196
1 196
1 196
1 196
1 196
1 196
1 196
1 196
1 196
1 196
1 196
1 196
1 196
1 196
1 196
1 196
1 196
1 196
1 196
1 196
1 196
1 196
1 196
1 196
1 196
1 196
1 196
1 196
1 196
1 196
1 196
1 196
1 196
1 196
1 -1
1 -1
1 -1
1 -1
1 -1
1 197
1 197
1 197
1 197
1 197
1 197
1 197
1 197
1 197
1 197
1 197
1 197
1 197
1 197
1 197
0 197
0 197
0 197
0 197
0 197
0 197
0 197
0 197
0 197
0 197
1 197
1 197
1 197
1 197
1 197
1 -1
1 -1
1 -1
1 -1
1 -1
1 198
1 198
1 198
1 198
1 198
1 198
1 198
1 198
1 198
1 198
1 198
1 198
1 198
1 198
1 198
1 198
1 198
1 198
1 198
1 198
1 198
1 198
1 198
1 198
1 198
1 198
1 198
1 198
1 198
1 198
1 198
1 198
1 198
1 198
1 198
1 198
1 198
1 198
1 198
1 198
1 -1
1 -1
1 -1
1 -1
1 -1
1 199
1 199
1 199
1 199
1 199
1 199
1 199
1 199
1 199
1 199
1 199
1 199
1 199
1 199
1 199
0 199
0 199
0 199
0 199
0 199
0 199
0 199
0 199
0 199
0 199
0 199
0 199
0 199
0 199
0 199
0 199
0 199
0 199
0 199
0 199
1 199
1 199
1 199
1 199
1 199
1 199
1 199
1 199
1 199
1 199
0 199
0 199
0 199
0 199
0 199
0 -1
0 -1
0 -1
0 -1
0 -1
-1 -1
-1 -1
-1 -1
-1 -1
-1 -1
0 -1
0 -1
0 -1
0 -1
0 -1
-1 -1
-1 -1
-1 -1
-1 -1
-1 -1
-1 -1
-1 -1
-1 -1
-1 -1
-1 -1
-1 -1
-1 -1
-1 -1
-1 -1
-1 -1
1 -1
1 -1
1 -1
1 -1
1 -1
-1 -1
-1 -1
-1 -1
-1 -1
-1 -1
-1 -1
-1 -1
-1 -1
-1 -1
-1 -1
-1 -1
-1 -1
-1 -1
-1 -1
-1 -1
-1 -1
-1 -1
-1 -1
-1 -1
-1 -1
1 -1
1 -1
1 -1
1 -1
1 -1
1 -1
1 -1
1 -1
1 -1
1 -1
1 200
1 200
1 200
1 200
1 200
1 200
1 200
1 200
1 200
1 200
1 200
1 200
1 200
1 200
1 200
1 200
1 200
1 200
1 200
1 200
0 200
0 200
0 200
0 200
0 200
1 200
1 200
1 200
1 200
1 200
0 200
0 200
0 200
0 200
0 200
1 200
1 200
1 200
1 200
1 200
1 200
1 200
1 200
1 200
1 200
1 200
1 200
1 200
1 200
1 200
1 200
1 200
1 200
1 200
1 200
1 -1
1 -1
1 -1
1 -1
1 -1
1 -1
1 -1
1 -1
1 -1
1 -1
1 -1
1 -1
1 -1
1 -1
1 -1
0 201
0 201
0 201
0 201
0 201
0 201
0 201
0 201
0 201
0 201
0 201
0 201
0 201
0 201
0 201
0 201
0 201
0 201
0 201
0 201
0 201
0 201
0 201
0 201
0 201
1 201
1 201
1 201
1 201
1 201
1 201
1 201
1 201
1 201
1 201
0 -1
0 -1
0 -1
0 -1
0 -1
0 202
0 202
0 202
0 202
0 202
0 202
0 202
0 202
0 202
0 202
0 202
0 202
0 202
0 202
0 202
0 202
0 202
0 202
0 202
0 202
0 202
0 202
0 202
0 202
0 202
0 202
0 202
0 202
0 202
0 202
0 202
0 202
0 202
0 202
0 202
0 202
0 202
0 202
0 202
0 202
0 202
0 202
0 202
0 202
0 202
0 202
0 202
0 202
0 202
0 202
0 202
0 202
0 202
0 202
0 202
0 202
0 202
0 202
0 202
0 202
0 202
0 202
0 202
0 202
0 202
0 202
0 202
0 202
0 202
0 202
0 202
0 202
0 202
0 202
0 202
0 202
0 202
0 202
0 202
0 202
0 202
0 202
0 202
0 202
0 202
0 202
0 202
0 202
0 202
0 202
0 202
0 202
0 202
0 202
0 202
0 202
0 202
0 202
0 202
0 202
0 202
0 202
0 202
0 202
0 202
0 202
0 202
0 202
0 202
0 202
0 202
0 202
0 202
0 202
0 202
0 202
0 202
0 202
0 202
0 202
0 202
0 202
0 202
0 202
0 202
0 202
0 202
0 202
0 202
0 202
0 202
0 202
0 202
0 202
0 202
0 202
0 202
0 202
0 202
0 202
0 202
0 202
0 202
0 202
0 202
0 202
0 202
0 202
0 202
0 202
0 202
0 202
0 202
0 202
0 202
0 202
0 202
0 202
0 202
0 202
0 202
0 202
0 202
0 202
0 202
0 202
0 202
0 202
0 202
0 202
0 202
0 202
0 202
0 202
0 202
1 -1
1 -1
1 -1
1 -1
1 -1
1 203
1 203
1 203
1 203
1 203
1 203
1 203
1 203
1 203
1 203
1 203
1 203
1 203
1 203
1 203
1 203
1 203
1 203
1 203
1 203
1 203
1 203
1 203
1 203
1 203
1 -1
1 -1
1 -1
1 -1
1 -1
1 204
1 204
1 204
1 204
1 204
1 204
1 204
1 204
1 204
1 204
1 204
1 204
1 204
1 204
1 204
1 204
1 204
1 204
1 204
1 204
1 204
1 204
1 204
1 204
1 204
1 204
1 204
1 204
1 204
1 204
1 -1
1 -1
1 -1
1 -1
1 -1
1 205
1 205
1 205
1 205
1 205
1 205
1 205
1 205
1 205
1 205
1 205
1 205
1 205
1 205
1 205
1 205
1 205
1 205
1 205
1 205
1 205
1 205
1 205
1 205
1 205
1 205
1 205
1 205
1 205
1 205
1 205
1 205
1 205
1 205
1 205
1 205
1 205
1 205
1 205
1 205
1 205
1 205
1 205
1 205
1 205
1 -1
1 -1
1 -1
1 -1
1 -1
1 206
1 206
1 206
1 206
1 206
1 206
1 206
1 206
1 206
1 206
1 206
1 206
1 206
1 206
1 206
1 206
1 206
1 206
1 206
1 206
1 206
1 206
1 206
1 206
1 206
1 206
1 206
1 206
1 206
1 206
1 206
1 206
1 206
1 206
1 206
0 206
0 206
0 206
0 206
0 206
1 -1
1 -1
1 -1
1 -1
1 -1
1 207
1 207
1 207
1 207
1 207
1 207
1 207
1 207
1 207
1 207
1 207
1 207
1 207
1 207
1 207
1 207
1 207
1 207
1 207
1 207
0 207
0 207
0 207
0 207
0 207
1 -1
1 -1
1 -1
1 -1
1 -1
1 208
1 208
1 208
1 208
1 208
1 208
1 208
1 208
1 208
1 208
1 208
1 208
1 208
1 208
1 208
1 208
1 208
1 208
1 208
1 208
1 208
1 208
1 208
1 208
1 208
1 208
1 208
1 208
1 208
1 208
1 208
1 208
1 208
1 208
1 208
1 208
1 208
1 208
1 208
1 208
1 -1
1 -1
1 -1
1 -1
1 -1
1 209
1 209
1 209
1 209
1 209
1 209
1 209
1 209
1 209
1 209
1 209
1 209
1 209
1 209
1 209
1 209
1 209
1 209
1 209
1 209
1 209
1 209
1 209
1 209
1 209
1 209
1 209
1 209
1 209
1 209
1 209
1 209
1 209
1 209
1 209
1 209
1 209
1 209
1 209
1 209
1 209
1 209
1 209
1 209
1 209
1 209
1 209
1 209
1 209
1 209
1 209
1 209
1 209
1 209
1 209
1 209
1 209
1 209
1 209
1 209
1 209
1 209
1 209
1 209
1 209
1 209
1 209
1 209
1 209
1 209
1 209
1 209
1 209
1 209
1 209
1 209
1 209
1 209
1 209
1 209
1 -1
1 -1
1 -1
1 -1
1 -1
1 -1
1 -1
1 -1
1 -1
1 -1
1 -1
1 -1
1 -1
1 -1
1 -1
1 -1
1 -1
1 -1
1 -1
1 -1
-1 -1
-1 -1
-1 -1
-1 -1
-1 -1
-1 -1
-1 -1
-1 -1
-1 -1
-1 -1
1 -1
1 -1
1 -1
1 -1
1 -1
1 -1
1 -1
1 -1
1 -1
1 -1
-1 -1
-1 -1
-1 -1
-1 -1
-1 -1
-1 -1
-1 -1
-1 -1
-1 -1
-1 -1
-1 -1
-1 -1
-1 -1
-1 -1
-1 -1
-1 -1
-1 -1
-1 -1
-1 -1
-1 -1
-1 -1
-1 -1
-1 -1
-1 -1
-1 -1
-1 -1
-1 -1
-1 -1
-1 -1
-1 -1
1 -1
1 -1
1 -1
1 -1
1 -1
1 -1
1 -1
1 -1
1 -1
1 -1
1 -1
1 -1
1 -1
1 -1
1 -1
1 -1
1 -1
1 -1
1 -1
1 -1
1 -1
1 -1
1 -1
1 -1
1 -1
1 -1
1 -1
1 -1
1 -1
1 -1
1 -1
1 -1
1 -1
1 -1
1 -1
1 210
1 210
1 210
1 210
1 210
1 210
1 210
1 210
1 210
1 210
1 210
1 210
1 210
1 210
1 210
1 210
1 210
1 210
1 210
1 210
1 210
1 210
1 210
1 210
1 210
1 210
1 210
1 210
1 210
1 210
1 210
1 210
1 210
1 210
1 210
1 210
1 210
1 210
1 210
1 210
1 210
1 210
1 210
1 210
1 210
1 210
1 210
1 210
1 210
1 210
1 210
1 210
1 210
1 210
1 210
1 210
1 210
1 210
1 210
1 210
1 210
1 210
1 210
1 210
1 210
0 210
0 210
0 210
0 210
0 210
-1 210
-1 210
-1 210
-1 210
-1 210
1 210
1 210
1 210
1 210
1 210
1 210
1 210
1 210
1 210
1 210
1 -1
1 -1
1 -1
1 -1
1 -1
1 -1
1 -1
1 -1
1 -1
1 -1
1 -1
1 -1
1 -1
1 -1
1 -1
1 -1
1 -1
1 -1
1 -1
1 -1
1 -1
1 -1
1 -1
1 -1
1 -1
1 -1
1 -1
1 -1
1 -1
1 -1
-1 -1
-1 -1
-1 -1
-1 -1
-1 -1
1 -1
1 -1
1 -1
1 -1
1 -1
1 -1
1 -1
1 -1
1 -1
1 -1
1 -1
1 -1
1 -1
1 -1
1 -1
1 -1
1 -1
1 -1
1 -1
1 -1
-1 -1
-1 -1
-1 -1
-1 -1
-1 -1
1 -1
1 -1
1 -1
1 -1
1 -1
-1 -1
-1 -1
-1 -1
-1 -1
-1 -1
1 -1
1 -1
1 -1
1 -1
1 -1
1 211
1 211
1 211
1 211
1 211
1 211
1 211
1 211
1 211
1 211
1 211
1 211
1 211
1 211
1 211
1 211
1 211
1 211
1 211
1 211
1 211
1 211
1 211
1 211
1 211
1 211
1 211
1 211
1 211
1 211
1 211
1 211
1 211
1 211
1 211
1 211
1 211
1 211
1 211
1 211
1 211
1 211
1 211
1 211
1 211
1 211
1 211
1 211
1 211
1 211
1 -1
1 -1
1 -1
1 -1
1 -1
1 212
1 212
1 212
1 212
1 212
1 212
1 212
1 212
1 212
1 212
1 212
1 212
1 212
1 212
1 212
1 212
1 212
1 212
1 212
1 212
1 212
1 212
1 212
1 212
1 212
1 212
1 212
1 212
1 212
1 212
1 212
1 212
1 212
1 212
1 212
1 212
1 212
1 212
1 212
1 212
1 212
1 212
1 212
1 212
1 212
1 212
1 212
1 212
1 212
1 212
1 212
1 212
1 212
1 212
1 212
1 212
1 212
1 212
1 212
1 212