0	0
1	0
2	0
3	0
4	0
5	0
6	0
7	0
8	0
9	0
10	0
11	0
12	0
13	0
14	0
15	0
16	0
17	0
18	0.316
19	0.315
20	0.325
21	0.345
22	0.405
23	0.514
24	0.613
25	0.633
26	0.613
27	0.742
28	0.653
29	0.643
30	0.504
31	0.702
32	0.504
33	0.365
34	0.335
35	0.375
36	0.355
37	0.435
38	0.484
39	0.435
40	0.484
41	0.454
42	0.435
43	0.345
44	0.345
45	0.365
46	0.415
47	0.390
48	0.380
49	0.365
50	0.350
51	0.335
52	0.350
53	0.385
54	0.360
55	0.345
56	0.340
57	0.316
58	0.365
59	0.335
60	0.345
61	0.345
62	0.335
63	0.335
64	0.335
65	0.355
66	0.355
67	0.316
68	0.320
69	0.345
70	0.345
71	0.340
72	0.355
73	0.355
74	0.335
75	0.335
76	0.375
77	0.395
78	0.425
79	0.415
80	0.464
81	0.395
82	0.454
83	0.455
84	0.455
85	0.460
86	0.474
87	0.494
88	0.603
89	0.692
90	0.564
91	0.841
92	1.000
93	0.316
94	0.316
95	0.345
96	0.200
97	0.200
98	0
99	0
100	0
101	0
102	0
103	0
104	0
105	0
106	0
107	0
108	0
109	0
110	0
111	0
112	0
113	0
114	0
115	0