1613 0
3613 0
5613 0
7613 0
9613 0
897 0
2897 0
4897 0
6897 0
8897 0
1614 0
3614 0
5614 0
7614 0
9614 0
743 0
2743 0
4743 0
6743 0
8743 0
275 0
2275 0
4275 0
6275 0
8275 0
1041 0
3041 0
5041 0
7041 0
9041 0
1043 0
3043 0
5043 0
7043 0
9043 0
1952 0
3952 0
5952 0
7952 0
9952 0
1233 0
3233 0
5233 0
7233 0
9233 0
29 0
2029 0
4029 0
6029 0
8029 0
1615 0
3615 0
5615 0
7615 0
9615 0
728 0
2728 0
4728 0
6728 0
8728 0
538 0
2538 0
4538 0
6538 0
8538 0
723 0
2723 0
4723 0
6723 0
8723 0
536 0
2536 0
4536 0
6536 0
8536 0
1332 0
3332 0
5332 0
7332 0
9332 0
199 0
2199 0
4199 0
6199 0
8199 0
1934 0
3934 0
5934 0
7934 0
9934 0
726 0
2726 0
4726 0
6726 0
8726 0
612 0
2612 0
4612 0
6612 0
8612 0
1044 0
3044 0
5044 0
7044 0
9044 0
986 0
2986 0
4986 0
6986 0
8986 0
533 0
2533 0
4533 0
6533 0
8533 0
1307 0
3307 0
5307 0
7307 0
9307 0
672 0
2672 0
4672 0
6672 0
8672 0
1944 0
3944 0
5944 0
7944 0
9944 0
1774 0
3774 0
5774 0
7774 0
9774 0
1333 0
3333 0
5333 0
7333 0
9333 0
109 0
2109 0
4109 0
6109 0
8109 0
1939 0
3939 0
5939 0
7939 0
9939 0
1218 0
3218 0
5218 0
7218 0
9218 0
1230 0
3230 0
5230 0
7230 0
9230 0
1953 0
3953 0
5953 0
7953 0
9953 0
1308 0
3308 0
5308 0
7308 0
9308 0
1617 0
3617 0
5617 0
7617 0
9617 0
1335 0
3335 0
5335 0
7335 0
9335 0
1340 0
3340 0
5340 0
7340 0
9340 0
1304 0
3304 0
5304 0
7304 0
9304 0
594 0
2594 0
4594 0
6594 0
8594 0
1046 0
3046 0
5046 0
7046 0
9046 0
421 0
2421 0
4421 0
6421 0
8421 0
1365 0
3365 0
5365 0
7365 0
9365 0
1607 0
3607 0
5607 0
7607 0
9607 0
1685 0
3685 0
5685 0
7685 0
9685 0
1045 0
3045 0
5045 0
7045 0
9045 0
1043 0
3043 0
5043 0
7043 0
9043 0
539 0
2539 0
4539 0
6539 0
8539 0
199 0
2199 0
4199 0
6199 0
8199 0
709 0
2709 0
4709 0
6709 0
8709 0
229 0
2229 0
4229 0
6229 0
8229 0
1450 0
3450 0
5450 0
7450 0
9450 0
725 0
2725 0
4725 0
6725 0
8725 0
1294 0
3294 0
5294 0
7294 0
9294 0
274 0
2274 0
4274 0
6274 0
8274 0
1004 0
3004 0
5004 0
7004 0
9004 0
1833 0
3833 0
5833 0
7833 0
9833 0
1005 0
3005 0
5005 0
7005 0
9005 0
1622 0
3622 0
5622 0
7622 0
9622 0
1254 0
3254 0
5254 0
7254 0
9254 0
113 0
2113 0
4113 0
6113 0
8113 0
1229 0
3229 0
5229 0
7229 0
9229 0
607 0
2607 0
4607 0
6607 0
8607 0
1943 0
3943 0
5943 0
7943 0
9943 0
1957 0
3957 0
5957 0
7957 0
9957 0
130 0
2130 0
4130 0
6130 0
8130 0
878 0
2878 0
4878 0
6878 0
8878 0
488 0
2488 0
4488 0
6488 0
8488 0
1340 0
3340 0
5340 0
7340 0
9340 0
985 0
2985 0
4985 0
6985 0
8985 0
1308 0
3308 0
5308 0
7308 0
9308 0
242 0
2242 0
4242 0
6242 0
8242 0
29 0
2029 0
4029 0
6029 0
8029 0
791 0
2791 0
4791 0
6791 0
8791 0
1239 0
3239 0
5239 0
7239 0
9239 0
1317 0
3317 0
5317 0
7317 0
9317 0
1450 0
3450 0
5450 0
7450 0
9450 0
1309 0
3309 0
5309 0
7309 0
9309 0
735 0
2735 0
4735 0
6735 0
8735 0
1933 0
3933 0
5933 0
7933 0
9933 0
1339 0
3339 0
5339 0
7339 0
9339 0
1624 0
3624 0
5624 0
7624 0
9624 0
1753 0
3753 0
5753 0
7753 0
9753 0
560 0
2560 0
4560 0
6560 0
8560 0
703 0
2703 0
4703 0
6703 0
8703 0
741 0
2741 0
4741 0
6741 0
8741 0
724 0
2724 0
4724 0
6724 0
8724 0
1599 0
3599 0
5599 0
7599 0
9599 0
1606 0
3606 0
5606 0
7606 0
9606 0
1935 0
3935 0
5935 0
7935 0
9935 0
987 0
2987 0
4987 0
6987 0
8987 0
531 0
2531 0
4531 0
6531 0
8531 0
1887 0
3887 0
5887 0
7887 0
9887 0
1449 0
3449 0
5449 0
7449 0
9449 0
305 0
2305 0
4305 0
6305 0
8305 0
597 0
2597 0
4597 0
6597 0
8597 0
177 0
2177 0
4177 0
6177 0
8177 0
193 0
2193 0
4193 0
6193 0
8193 0
1006 0
3006 0
5006 0
7006 0
9006 0
1820 0
3820 0
5820 0
7820 0
9820 0
1272 0
3272 0
5272 0
7272 0
9272 0
1038 0
3038 0
5038 0
7038 0
9038 0
1430 0
3430 0
5430 0
7430 0
9430 0
1041 0
3041 0
5041 0
7041 0
9041 0
1596 0
3596 0
5596 0
7596 0
9596 0
1350 0
3350 0
5350 0
7350 0
9350 0
1235 0
3235 0
5235 0
7235 0
9235 0
1758 0
3758 0
5758 0
7758 0
9758 0
1333 0
3333 0
5333 0
7333 0
9333 0
345 0
2345 0
4345 0
6345 0
8345 0
1406 0
3406 0
5406 0
7406 0
9406 0
1229 0
3229 0
5229 0
7229 0
9229 0
916 0
2916 0
4916 0
6916 0
8916 0
1361 0
3361 0
5361 0
7361 0
9361 0
513 0
2513 0
4513 0
6513 0
8513 0
1962 0
3962 0
5962 0
7962 0
9962 0
1932 0
3932 0
5932 0
7932 0
9932 0
1040 0
3040 0
5040 0
7040 0
9040 0
606 0
2606 0
4606 0
6606 0
8606 0
1216 0
3216 0
5216 0
7216 0
9216 0
253 0
2253 0
4253 0
6253 0
8253 0
1509 0
3509 0
5509 0
7509 0
9509 0
1919 0
3919 0
5919 0
7919 0
9919 0
1002 0
3002 0
5002 0
7002 0
9002 0
1745 0
3745 0
5745 0
7745 0
9745 0
564 0
2564 0
4564 0
6564 0
8564 0
983 0
2983 0
4983 0
6983 0
8983 0
1975 0
3975 0
5975 0
7975 0
9975 0
1609 0
3609 0
5609 0
7609 0
9609 0
458 0
2458 0
4458 0
6458 0
8458 0
1575 0
3575 0
5575 0
7575 0
9575 0
724 1
2724 1
4724 1
6724 1
8724 1
723 1
2723 1
4723 1
6723 1
8723 1
1339 1
3339 1
5339 1
7339 1
9339 1
985 1
2985 1
4985 1
6985 1
8985 1
1002 1
3002 1
5002 1
7002 1
9002 1
1183 1
3183 1
5183 1
7183 1
9183 1
1648 1
3648 1
5648 1
7648 1
9648 1
1006 1
3006 1
5006 1
7006 1
9006 1
610 1
2610 1
4610 1
6610 1
8610 1
904 1
2904 1
4904 1
6904 1
8904 1
1004 1
3004 1
5004 1
7004 1
9004 1
604 1
2604 1
4604 1
6604 1
8604 1
989 1
2989 1
4989 1
6989 1
8989 1
746 1
2746 1
4746 1
6746 1
8746 1
1261 1
3261 1
5261 1
7261 1
9261 1
985 1
2985 1
4985 1
6985 1
8985 1
1144 1
3144 1
5144 1
7144 1
9144 1
1622 1
3622 1
5622 1
7622 1
9622 1
584 1
2584 1
4584 1
6584 1
8584 1
1273 1
3273 1
5273 1
7273 1
9273 1
1309 1
3309 1
5309 1
7309 1
9309 1
1494 1
3494 1
5494 1
7494 1
9494 1
101 1
2101 1
4101 1
6101 1
8101 1
1775 1
3775 1
5775 1
7775 1
9775 1
771 1
2771 1
4771 1
6771 1
8771 1
1775 1
3775 1
5775 1
7775 1
9775 1
1833 1
3833 1
5833 1
7833 1
9833 1
1182 1
3182 1
5182 1
7182 1
9182 1
624 1
2624 1
4624 1
6624 1
8624 1
1028 1
3028 1
5028 1
7028 1
9028 1
1308 1
3308 1
5308 1
7308 1
9308 1
1040 1
3040 1
5040 1
7040 1
9040 1
1043 1
3043 1
5043 1
7043 1
9043 1
528 1
2528 1
4528 1
6528 1
8528 1
1606 1
3606 1
5606 1
7606 1
9606 1
1608 1
3608 1
5608 1
7608 1
9608 1
1254 1
3254 1
5254 1
7254 1
9254 1
758 1
2758 1
4758 1
6758 1
8758 1
493 1
2493 1
4493 1
6493 1
8493 1
474 1
2474 1
4474 1
6474 1
8474 1
1471 1
3471 1
5471 1
7471 1
9471 1
860 1
2860 1
4860 1
6860 1
8860 1
452 1
2452 1
4452 1
6452 1
8452 1
78 1
2078 1
4078 1
6078 1
8078 1
5 1
2005 1
4005 1
6005 1
8005 1
204 1
2204 1
4204 1
6204 1
8204 1
1467 1
3467 1
5467 1
7467 1
9467 1
1431 1
3431 1
5431 1
7431 1
9431 1
1004 1
3004 1
5004 1
7004 1
9004 1
1264 1
3264 1
5264 1
7264 1
9264 1
1265 1
3265 1
5265 1
7265 1
9265 1
1294 1
3294 1
5294 1
7294 1
9294 1
1447 1
3447 1
5447 1
7447 1
9447 1
976 1
2976 1
4976 1
6976 1
8976 1
1470 1
3470 1
5470 1
7470 1
9470 1
1648 1
3648 1
5648 1
7648 1
9648 1
1080 1
3080 1
5080 1
7080 1
9080 1
82 1
2082 1
4082 1
6082 1
8082 1
5 1
2005 1
4005 1
6005 1
8005 1
1610 2
3610 2
5610 2
7610 2
9610 2
259 2
2259 2
4259 2
6259 2
8259 2
1915 2
3915 2
5915 2
7915 2
9915 2
1273 2
3273 2
5273 2
7273 2
9273 2
635 2
2635 2
4635 2
6635 2
8635 2
219 2
2219 2
4219 2
6219 2
8219 2
495 2
2495 2
4495 2
6495 2
8495 2
139 2
2139 2
4139 2
6139 2
8139 2
170 2
2170 2
4170 2
6170 2
8170 2
111 2
2111 2
4111 2
6111 2
8111 2
131 2
2131 2
4131 2
6131 2
8131 2
1348 2
3348 2
5348 2
7348 2
9348 2
372 2
2372 2
4372 2
6372 2
8372 2
1217 2
3217 2
5217 2
7217 2
9217 2
737 3
2737 3
4737 3
6737 3
8737 3
1067 3
3067 3
5067 3
7067 3
9067 3
1921 3
3921 3
5921 3
7921 3
9921 3
83 3
2083 3
4083 3
6083 3
8083 3
1450 3
3450 3
5450 3
7450 3
9450 3
466 3
2466 3
4466 3
6466 3
8466 3
1449 3
3449 3
5449 3
7449 3
9449 3
327 3
2327 3
4327 3
6327 3
8327 3
1608 3
3608 3
5608 3
7608 3
9608 3
541 3
2541 3
4541 3
6541 3
8541 3
1517 3
3517 3
5517 3
7517 3
9517 3
1228 3
3228 3
5228 3
7228 3
9228 3
15 3
2015 3
4015 3
6015 3
8015 3
1659 3
3659 3
5659 3
7659 3
9659 3
1385 3
3385 3
5385 3
7385 3
9385 3
1171 3
3171 3
5171 3
7171 3
9171 3
1993 3
3993 3
5993 3
7993 3
9993 3
1178 3
3178 3
5178 3
7178 3
9178 3
1131 3
3131 3
5131 3
7131 3
9131 3
1658 3
3658 3
5658 3
7658 3
9658 3
1496 3
3496 3
5496 3
7496 3
9496 3
1494 3
3494 3
5494 3
7494 3
9494 3
1471 3
3471 3
5471 3
7471 3
9471 3
77 3
2077 3
4077 3
6077 3
8077 3
312 3
2312 3
4312 3
6312 3
8312 3
238 3
2238 3
4238 3
6238 3
8238 3
1843 3
3843 3
5843 3
7843 3
9843 3
1741 3
3741 3
5741 3
7741 3
9741 3
625 3
2625 3
4625 3
6625 3
8625 3
1431 3
3431 3
5431 3
7431 3
9431 3
1073 3
3073 3
5073 3
7073 3
9073 3
1995 3
3995 3
5995 3
7995 3
9995 3
72 3
2072 3
4072 3
6072 3
8072 3
449 3
2449 3
4449 3
6449 3
8449 3
813 3
2813 3
4813 3
6813 3
8813 3
893 3
2893 3
4893 3
6893 3
8893 3
934 3
2934 3
4934 3
6934 3
8934 3
1622 3
3622 3
5622 3
7622 3
9622 3
1770 3
3770 3
5770 3
7770 3
9770 3
434 3
2434 3
4434 3
6434 3
8434 3
280 3
2280 3
4280 3
6280 3
8280 3
1813 3
3813 3
5813 3
7813 3
9813 3
1408 3
3408 3
5408 3
7408 3
9408 3
923 3
2923 3
4923 3
6923 3
8923 3
1260 4
3260 4
5260 4
7260 4
9260 4
759 4
2759 4
4759 4
6759 4
8759 4
1723 4
3723 4
5723 4
7723 4
9723 4
1273 4
3273 4
5273 4
7273 4
9273 4
253 4
2253 4
4253 4
6253 4
8253 4
1750 4
3750 4
5750 4
7750 4
9750 4
1302 4
3302 4
5302 4
7302 4
9302 4
1821 4
3821 4
5821 4
7821 4
9821 4
974 4
2974 4
4974 4
6974 4
8974 4
482 4
2482 4
4482 4
6482 4
8482 4
1212 4
3212 4
5212 4
7212 4
9212 4
586 4
2586 4
4586 4
6586 4
8586 4
1921 4
3921 4
5921 4
7921 4
9921 4
149 4
2149 4
4149 4
6149 4
8149 4
1086 4
3086 4
5086 4
7086 4
9086 4
101 5
2101 5
4101 5
6101 5
8101 5
253 5
2253 5
4253 5
6253 5
8253 5
1273 5
3273 5
5273 5
7273 5
9273 5
1596 5
3596 5
5596 5
7596 5
9596 5
1047 5
3047 5
5047 5
7047 5
9047 5
1918 5
3918 5
5918 5
7918 5
9918 5
425 5
2425 5
4425 5
6425 5
8425 5
1907 5
3907 5
5907 5
7907 5
9907 5
1510 5
3510 5
5510 5
7510 5
9510 5
915 5
2915 5
4915 5
6915 5
8915 5
485 5
2485 5
4485 5
6485 5
8485 5
1698 5
3698 5
5698 5
7698 5
9698 5
905 5
2905 5
4905 5
6905 5
8905 5
1583 5
3583 5
5583 5
7583 5
9583 5
1361 5
3361 5
5361 5
7361 5
9361 5
565 5
2565 5
4565 5
6565 5
8565 5
1915 5
3915 5
5915 5
7915 5
9915 5
907 5
2907 5
4907 5
6907 5
8907 5
28 5
2028 5
4028 5
6028 5
8028 5
1897 5
3897 5
5897 5
7897 5
9897 5
1346 5
3346 5
5346 5
7346 5
9346 5
1602 5
3602 5
5602 5
7602 5
9602 5
759 5
2759 5
4759 5
6759 5
8759 5
1055 5
3055 5
5055 5
7055 5
9055 5
908 6
2908 6
4908 6
6908 6
8908 6
308 6
2308 6
4308 6
6308 6
8308 6
1002 6
3002 6
5002 6
7002 6
9002 6
1187 6
3187 6
5187 6
7187 6
9187 6
1212 6
3212 6
5212 6
7212 6
9212 6
1187 6
3187 6
5187 6
7187 6
9187 6
586 6
2586 6
4586 6
6586 6
8586 6
812 6
2812 6
4812 6
6812 6
8812 6
1302 6
3302 6
5302 6
7302 6
9302 6
1440 6
3440 6
5440 6
7440 6
9440 6
1228 7
3228 7
5228 7
7228 7
9228 7
1918 7
3918 7
5918 7
7918 7
9918 7
1023 7
3023 7
5023 7
7023 7
9023 7
1006 7
3006 7
5006 7
7006 7
9006 7
506 7
2506 7
4506 7
6506 7
8506 7
1003 7
3003 7
5003 7
7003 7
9003 7
1231 7
3231 7
5231 7
7231 7
9231 7
5 7
2005 7
4005 7
6005 7
8005 7
1011 7
3011 7
5011 7
7011 7
9011 7
1921 7
3921 7
5921 7
7921 7
9921 7
253 7
2253 7
4253 7
6253 7
8253 7
1249 7
3249 7
5249 7
7249 7
9249 7
904 7
2904 7
4904 7
6904 7
8904 7
1775 7
3775 7
5775 7
7775 7
9775 7
522 7
2522 7
4522 7
6522 7
8522 7
527 7
2527 7
4527 7
6527 7
8527 7
1242 7
3242 7
5242 7
7242 7
9242 7
738 7
2738 7
4738 7
6738 7
8738 7
553 7
2553 7
4553 7
6553 7
8553 7
336 7
2336 7
4336 7
6336 7
8336 7
1694 7
3694 7
5694 7
7694 7
9694 7
1238 7
3238 7
5238 7
7238 7
9238 7
213 7
2213 7
4213 7
6213 7
8213 7
123 7
2123 7
4123 7
6123 7
8123 7
1978 7
3978 7
5978 7
7978 7
9978 7
1247 7
3247 7
5247 7
7247 7
9247 7
1687 7
3687 7
5687 7
7687 7
9687 7
139 7
2139 7
4139 7
6139 7
8139 7
237 7
2237 7
4237 7
6237 7
8237 7
986 7
2986 7
4986 7
6986 7
8986 7
1757 7
3757 7
5757 7
7757 7
9757 7
565 7
2565 7
4565 7
6565 7
8565 7
153 7
2153 7
4153 7
6153 7
8153 7
578 7
2578 7
4578 7
6578 7
8578 7
29 7
2029 7
4029 7
6029 7
8029 7
1231 8
3231 8
5231 8
7231 8
9231 8
1757 8
3757 8
5757 8
7757 8
9757 8
1028 8
3028 8
5028 8
7028 8
9028 8
1273 8
3273 8
5273 8
7273 8
9273 8
986 8
2986 8
4986 8
6986 8
8986 8
724 8
2724 8
4724 8
6724 8
8724 8
1261 8
3261 8
5261 8
7261 8
9261 8
723 8
2723 8
4723 8
6723 8
8723 8
1775 8
3775 8
5775 8
7775 8
9775 8
791 8
2791 8
4791 8
6791 8
8791 8
1272 8
3272 8
5272 8
7272 8
9272 8
1339 8
3339 8
5339 8
7339 8
9339 8
1242 8
3242 8
5242 8
7242 8
9242 8
904 8
2904 8
4904 8
6904 8
8904 8
1309 8
3309 8
5309 8
7309 8
9309 8
1488 8
3488 8
5488 8
7488 8
9488 8
904 8
2904 8
4904 8
6904 8
8904 8
1939 8
3939 8
5939 8
7939 8
9939 8
1265 8
3265 8
5265 8
7265 8
9265 8
534 8
2534 8
4534 8
6534 8
8534 8
1427 8
3427 8
5427 8
7427 8
9427 8
1183 8
3183 8
5183 8
7183 8
9183 8
679 8
2679 8
4679 8
6679 8
8679 8
1230 8
3230 8
5230 8
7230 8
9230 8
1253 8
3253 8
5253 8
7253 8
9253 8
1022 8
3022 8
5022 8
7022 8
9022 8
1833 8
3833 8
5833 8
7833 8
9833 8
1144 8
3144 8
5144 8
7144 8
9144 8
484 8
2484 8
4484 8
6484 8
8484 8
