1345 0
1346 0
1347 0
1348 0
1349 0
1740 0
1741 0
1742 0
1743 0
1744 0
1960 0
1961 0
1962 0
1963 0
1964 0
2000 0
2001 0
2002 0
2003 0
2004 0
2110 0
2111 0
2112 0
2113 0
2114 0
2180 0
2181 0
2182 0
2183 0
2184 0
2185 0
2186 0
2187 0
2188 0
2189 0
2255 0
2256 0
2257 0
2258 0
2259 0
2310 0
2311 0
2312 0
2313 0
2314 0
2570 0
2571 0
2572 0
2573 0
2574 0
2660 0
2661 0
2662 0
2663 0
2664 0
2680 0
2681 0
2682 0
2683 0
2684 0
2745 0
2746 0
2747 0
2748 0
2749 0
2780 0
2781 0
2782 0
2783 0
2784 0
2785 0
2786 0
2787 0
2788 0
2789 0
2790 0
2791 0
2792 0
2793 0
2794 0
2870 0
2871 0
2872 0
2873 0
2874 0
2875 0
2876 0
2877 0
2878 0
2879 0
2880 0
2881 0
2882 0
2883 0
2884 0
2885 0
2886 0
2887 0
2888 0
2889 0
3035 0
3036 0
3037 0
3038 0
3039 0
3040 0
3041 0
3042 0
3043 0
3044 0
3045 0
3046 0
3047 0
3048 0
3049 0
3050 0
3051 0
3052 0
3053 0
3054 0
3155 0
3156 0
3157 0
3158 0
3159 0
3205 0
3206 0
3207 0
3208 0
3209 0
3225 0
3226 0
3227 0
3228 0
3229 0
3240 0
3241 0
3242 0
3243 0
3244 0
3245 0
3246 0
3247 0
3248 0
3249 0
3270 0
3271 0
3272 0
3273 0
3274 0
3320 0
3321 0
3322 0
3323 0
3324 0
3325 0
3326 0
3327 0
3328 0
3329 0
3330 0
3331 0
3332 0
3333 0
3334 0
3345 0
3346 0
3347 0
3348 0
3349 0
3460 0
3461 0
3462 0
3463 0
3464 0
3465 0
3466 0
3467 0
3468 0
3469 0
3510 0
3511 0
3512 0
3513 0
3514 0
3515 0
3516 0
3517 0
3518 0
3519 0
3575 0
3576 0
3577 0
3578 0
3579 0
3580 0
3581 0
3582 0
3583 0
3584 0
3665 0
3666 0
3667 0
3668 0
3669 0
3670 0
3671 0
3672 0
3673 0
3674 0
3770 0
3771 0
3772 0
3773 0
3774 0
3775 0
3776 0
3777 0
3778 0
3779 0
3780 0
3781 0
3782 0
3783 0
3784 0
3785 0
3786 0
3787 0
3788 0
3789 0
3790 0
3791 0
3792 0
3793 0
3794 0
3905 0
3906 0
3907 0
3908 0
3909 0
4035 0
4036 0
4037 0
4038 0
4039 0
4085 0
4086 0
4087 0
4088 0
4089 0
4090 0
4091 0
4092 0
4093 0
4094 0
4120 0
4121 0
4122 0
4123 0
4124 0
4200 0
4201 0
4202 0
4203 0
4204 0
4205 0
4206 0
4207 0
4208 0
4209 0
4220 0
4221 0
4222 0
4223 0
4224 0
4275 0
4276 0
4277 0
4278 0
4279 0
4295 0
4296 0
4297 0
4298 0
4299 0
4300 0
4301 0
4302 0
4303 0
4304 0
4405 0
4406 0
4407 0
4408 0
4409 0
4410 0
4411 0
4412 0
4413 0
4414 0
4450 0
4451 0
4452 0
4453 0
4454 0
4550 0
4551 0
4552 0
4553 0
4554 0
4555 0
4556 0
4557 0
4558 0
4559 0
4665 0
4666 0
4667 0
4668 0
4669 0
4715 0
4716 0
4717 0
4718 0
4719 0
4720 0
4721 0
4722 0
4723 0
4724 0
4845 0
4846 0
4847 0
4848 0
4849 0
4870 0
4871 0
4872 0
4873 0
4874 0
4955 0
4956 0
4957 0
4958 0
4959 0
4960 0
4961 0
4962 0
4963 0
4964 0
4965 0
4966 0
4967 0
4968 0
4969 0
5060 0
5061 0
5062 0
5063 0
5064 0
5210 0
5211 0
5212 0
5213 0
5214 0
5525 0
5526 0
5527 0
5528 0
5529 0
5720 0
5721 0
5722 0
5723 0
5724 0
5835 0
5836 0
5837 0
5838 0
5839 0
5860 0
5861 0
5862 0
5863 0
5864 0
6175 0
6176 0
6177 0
6178 0
6179 0
6185 0
6186 0
6187 0
6188 0
6189 0
6250 0
6251 0
6252 0
6253 0
6254 0
6285 0
6286 0
6287 0
6288 0
6289 0
6290 0
6291 0
6292 0
6293 0
6294 0
6295 0
6296 0
6297 0
6298 0
6299 0
6300 0
6301 0
6302 0
6303 0
6304 0
6395 0
6396 0
6397 0
6398 0
6399 0
6450 0
6451 0
6452 0
6453 0
6454 0
6715 0
6716 0
6717 0
6718 0
6719 0
6720 0
6721 0
6722 0
6723 0
6724 0
6740 0
6741 0
6742 0
6743 0
6744 0
6805 0
6806 0
6807 0
6808 0
6809 0
6860 0
6861 0
6862 0
6863 0
6864 0
6970 0
6971 0
6972 0
6973 0
6974 0
7005 0
7006 0
7007 0
7008 0
7009 0
7120 0
7121 0
7122 0
7123 0
7124 0
7200 0
7201 0
7202 0
7203 0
7204 0
7230 0
7231 0
7232 0
7233 0
7234 0
7240 0
7241 0
7242 0
7243 0
7244 0
7250 0
7251 0
7252 0
7253 0
7254 0
7335 0
7336 0
7337 0
7338 0
7339 0
7385 0
7386 0
7387 0
7388 0
7389 0
7690 0
7691 0
7692 0
7693 0
7694 0
7695 0
7696 0
7697 0
7698 0
7699 0
7790 0
7791 0
7792 0
7793 0
7794 0
7795 0
7796 0
7797 0
7798 0
7799 0
7910 0
7911 0
7912 0
7913 0
7914 0
7915 0
7916 0
7917 0
7918 0
7919 0
7935 0
7936 0
7937 0
7938 0
7939 0
7940 0
7941 0
7942 0
7943 0
7944 0
8035 0
8036 0
8037 0
8038 0
8039 0
8065 0
8066 0
8067 0
8068 0
8069 0
8120 0
8121 0
8122 0
8123 0
8124 0
8125 0
8126 0
8127 0
8128 0
8129 0
8240 0
8241 0
8242 0
8243 0
8244 0
8245 0
8246 0
8247 0
8248 0
8249 0
8250 0
8251 0
8252 0
8253 0
8254 0
8410 0
8411 0
8412 0
8413 0
8414 0
8415 0
8416 0
8417 0
8418 0
8419 0
8420 0
8421 0
8422 0
8423 0
8424 0
8580 0
8581 0
8582 0
8583 0
8584 0
8590 0
8591 0
8592 0
8593 0
8594 0
8595 0
8596 0
8597 0
8598 0
8599 0
8680 0
8681 0
8682 0
8683 0
8684 0
8685 0
8686 0
8687 0
8688 0
8689 0
8690 0
8691 0
8692 0
8693 0
8694 0
8775 0
8776 0
8777 0
8778 0
8779 0
8940 0
8941 0
8942 0
8943 0
8944 0
9030 0
9031 0
9032 0
9033 0
9034 0
9035 0
9036 0
9037 0
9038 0
9039 0
9040 0
9041 0
9042 0
9043 0
9044 0
9130 0
9131 0
9132 0
9133 0
9134 0
9145 0
9146 0
9147 0
9148 0
9149 0
9275 0
9276 0
9277 0
9278 0
9279 0
9300 0
9301 0
9302 0
9303 0
9304 0
9355 0
9356 0
9357 0
9358 0
9359 0
9430 0
9431 0
9432 0
9433 0
9434 0
9435 0
9436 0
9437 0
9438 0
9439 0
9495 0
9496 0
9497 0
9498 0
9499 0
9555 0
9556 0
9557 0
9558 0
9559 0
9560 0
9561 0
9562 0
9563 0
9564 0
9570 0
9571 0
9572 0
9573 0
9574 0
9575 0
9576 0
9577 0
9578 0
9579 0
9625 0
9626 0
9627 0
9628 0
9629 0
9630 0
9631 0
9632 0
9633 0
9634 0
9675 0
9676 0
9677 0
9678 0
9679 0
9680 0
9681 0
9682 0
9683 0
9684 0
9750 0
9751 0
9752 0
9753 0
9754 0
9755 0
9756 0
9757 0
9758 0
9759 0
9760 0
9761 0
9762 0
9763 0
9764 0
9805 0
9806 0
9807 0
9808 0
9809 0
9875 0
9876 0
9877 0
9878 0
9879 0
9880 0
9881 0
9882 0
9883 0
9884 0
9985 0
9986 0
9987 0
9988 0
9989 0
9990 0
9991 0
9992 0
9993 0
9994 0
10010 0
10011 0
10012 0
10013 0
10014 0
10015 0
10016 0
10017 0
10018 0
10019 0
10055 0
10056 0
10057 0
10058 0
10059 0
10060 0
10061 0
10062 0
10063 0
10064 0
10070 0
10071 0
10072 0
10073 0
10074 0
10075 0
10076 0
10077 0
10078 0
10079 0
10175 0
10176 0
10177 0
10178 0
10179 0
10180 0
10181 0
10182 0
10183 0
10184 0
10185 0
10186 0
10187 0
10188 0
10189 0
10305 0
10306 0
10307 0
10308 0
10309 0
10310 0
10311 0
10312 0
10313 0
10314 0
10360 0
10361 0
10362 0
10363 0
10364 0
10365 0
10366 0
10367 0
10368 0
10369 0
10445 0
10446 0
10447 0
10448 0
10449 0
10455 0
10456 0
10457 0
10458 0
10459 0
10460 0
10461 0
10462 0
10463 0
10464 0
10520 0
10521 0
10522 0
10523 0
10524 0
10525 0
10526 0
10527 0
10528 0
10529 0
10555 0
10556 0
10557 0
10558 0
10559 0
10570 0
10571 0
10572 0
10573 0
10574 0
10665 0
10666 0
10667 0
10668 0
10669 0
10820 0
10821 0
10822 0
10823 0
10824 0
10825 0
10826 0
10827 0
10828 0
10829 0
10925 0
10926 0
10927 0
10928 0
10929 0
10970 0
10971 0
10972 0
10973 0
10974 0
10980 0
10981 0
10982 0
10983 0
10984 0
11060 0
11061 0
11062 0
11063 0
11064 0
11075 0
11076 0
11077 0
11078 0
11079 0
11080 0
11081 0
11082 0
11083 0
11084 0
11130 0
11131 0
11132 0
11133 0
11134 0
11135 0
11136 0
11137 0
11138 0
11139 0
11180 0
11181 0
11182 0
11183 0
11184 0
11185 0
11186 0
11187 0
11188 0
11189 0
11220 0
11221 0
11222 0
11223 0
11224 0
11270 0
11271 0
11272 0
11273 0
11274 0
11335 0
11336 0
11337 0
11338 0
11339 0
11345 0
11346 0
11347 0
11348 0
11349 0
11415 0
11416 0
11417 0
11418 0
11419 0
11480 0
11481 0
11482 0
11483 0
11484 0
