1613 0
897 0
1614 0
743 0
275 0
1041 0
1043 0
1952 0
1233 0
29 0
1615 0
728 0
538 0
723 0
536 0
1332 0
199 0
1934 0
726 0
612 0
1044 0
986 0
533 0
1307 0
672 0
1944 0
1774 0
1333 0
109 0
1939 0
1218 0
1230 0
1953 0
1308 0
1617 0
1335 0
1340 0
1304 0
594 0
1046 0
421 0
1365 0
1607 0
1685 0
1045 0
1043 0
539 0
199 0
709 0
229 0
1450 0
725 0
1294 0
274 0
1004 0
1833 0
1005 0
1622 0
1254 0
113 0
1229 0
607 0
1943 0
1957 0
130 0
878 0
488 0
1340 0
985 0
1308 0
242 0
29 0
791 0
1239 0
1317 0
1450 0
1309 0
735 0
1933 0
1339 0
1624 0
1753 0
560 0
703 0
741 0
724 0
1599 0
1606 0
1935 0
987 0
531 0
1887 0
1449 0
305 0
597 0
177 0
193 0
1006 0
1820 0
1272 0
1038 0
1430 0
1041 0
1596 0
1350 0
1235 0
1758 0
1333 0
345 0
1406 0
1229 0
916 0
1361 0
513 0
1962 0
1932 0
1040 0
606 0
1216 0
253 0
1509 0
1919 0
1002 0
1745 0
564 0
983 0
1975 0
1609 0
458 0
1575 0
724 1
723 1
1339 1
985 1
1002 1
1183 1
1648 1
1006 1
610 1
904 1
1004 1
604 1
989 1
746 1
1261 1
985 1
1144 1
1622 1
584 1
1273 1
1309 1
1494 1
101 1
1775 1
771 1
1775 1
1833 1
1182 1
624 1
1028 1
1308 1
1040 1
1043 1
528 1
1606 1
1608 1
1254 1
758 1
493 1
474 1
1471 1
860 1
452 1
78 1
5 1
204 1
1467 1
1431 1
1004 1
1264 1
1265 1
1294 1
1447 1
976 1
1470 1
1648 1
1080 1
82 1
5 1
1610 2
259 2
1915 2
1273 2
635 2
219 2
495 2
139 2
170 2
111 2
131 2
1348 2
372 2
1217 2
737 3
1067 3
1921 3
83 3
1450 3
466 3
1449 3
327 3
1608 3
541 3
1517 3
1228 3
15 3
1659 3
1385 3
1171 3
1993 3
1178 3
1131 3
1658 3
1496 3
1494 3
1471 3
77 3
312 3
238 3
1843 3
1741 3
625 3
1431 3
1073 3
1995 3
72 3
449 3
813 3
893 3
934 3
1622 3
1770 3
434 3
280 3
1813 3
1408 3
923 3
1260 4
759 4
1723 4
1273 4
253 4
1750 4
1302 4
1821 4
974 4
482 4
1212 4
586 4
1921 4
149 4
1086 4
101 5
253 5
1273 5
1596 5
1047 5
1918 5
425 5
1907 5
1510 5
915 5
485 5
1698 5
905 5
1583 5
1361 5
565 5
1915 5
907 5
28 5
1897 5
1346 5
1602 5
759 5
1055 5
908 6
308 6
1002 6
1187 6
1212 6
1187 6
586 6
812 6
1302 6
1440 6
1228 7
1918 7
1023 7
1006 7
506 7
1003 7
1231 7
5 7
1011 7
1921 7
253 7
1249 7
904 7
1775 7
522 7
527 7
1242 7
738 7
553 7
336 7
1694 7
1238 7
213 7
123 7
1978 7
1247 7
1687 7
139 7
237 7
986 7
1757 7
565 7
153 7
578 7
29 7
1231 8
1757 8
1028 8
1273 8
986 8
724 8
1261 8
723 8
1775 8
791 8
1272 8
1339 8
1242 8
904 8
1309 8
1488 8
904 8
1939 8
1265 8
534 8
1427 8
1183 8
679 8
1230 8
1253 8
1022 8
1833 8
1144 8
484 8
