-1 -1 -1 -1 -1 -1 -1 -1 -1 -1 -1 -1 -1
5 0 1 1 0 3 7 5 9 7 3 9 5
5 0 2 2 0 4 8 6 10 8 4 10 6
5 0 3 1 8 3 0 5 11 8 1 11 5
5 0 4 2 7 4 0 6 12 7 2 12 6
5 0 5 1 10 3 12 5 0 10 1 12 3
5 0 6 2 9 4 11 6 0 9 2 11 4
5 0 7 1 4 4 1 7 0 9 12 12 9
5 0 8 2 3 3 2 8 0 10 11 11 10
5 0 9 1 6 6 1 7 11 9 0 11 7
5 0 10 2 5 5 2 8 12 10 0 12 8
5 0 11 3 6 6 3 8 9 9 8 11 0
5 0 12 4 5 5 4 7 10 10 7 12 0
5 0 1 1 0 3 7 5 9 7 3 9 5
0 1 1 -1 -1 -1 -1 -1 -1 -1 -1 -1 -1
-1 -1 -1 -1 -1 -1 -1 -1 -1 -1 -1 -1 -1
1 1 3 3 1 -1 -1 -1 -1 -1 -1 -1 -1
5 0 7 1 4 4 1 7 0 9 12 12 9
1 1 5 5 1 -1 -1 -1 -1 -1 -1 -1 -1
5 0 9 1 6 6 1 7 11 9 0 11 7
1 1 7 7 1 -1 -1 -1 -1 -1 -1 -1 -1
5 0 3 1 8 3 0 5 11 8 1 11 5
1 1 9 9 1 -1 -1 -1 -1 -1 -1 -1 -1
5 0 5 1 10 3 12 5 0 10 1 12 3
3 1 11 3 9 9 3 11 1 -1 -1 -1 -1
3 1 12 5 7 7 5 12 1 -1 -1 -1 -1
5 0 2 2 0 4 8 6 10 8 4 10 6
-1 -1 -1 -1 -1 -1 -1 -1 -1 -1 -1 -1 -1
0 2 2 -1 -1 -1 -1 -1 -1 -1 -1 -1 -1
5 0 8 2 3 3 2 8 0 10 11 11 10
1 2 4 4 2 -1 -1 -1 -1 -1 -1 -1 -1
5 0 10 2 5 5 2 8 12 10 0 12 8
1 2 6 6 2 -1 -1 -1 -1 -1 -1 -1 -1
5 0 4 2 7 4 0 6 12 7 2 12 6
1 2 8 8 2 -1 -1 -1 -1 -1 -1 -1 -1
5 0 6 2 9 4 11 6 0 9 2 11 4
1 2 10 10 2 -1 -1 -1 -1 -1 -1 -1 -1
3 2 11 6 8 8 6 11 2 -1 -1 -1 -1
3 2 12 4 10 10 4 12 2 -1 -1 -1 -1
5 0 3 1 8 3 0 5 11 8 1 11 5
1 1 3 3 1 -1 -1 -1 -1 -1 -1 -1 -1
5 0 8 2 3 3 2 8 0 10 11 11 10
0 3 3 -1 -1 -1 -1 -1 -1 -1 -1 -1 -1
-1 -1 -1 -1 -1 -1 -1 -1 -1 -1 -1 -1 -1
1 3 5 5 3 -1 -1 -1 -1 -1 -1 -1 -1
5 0 11 3 6 6 3 8 9 9 8 11 0
5 0 1 1 0 3 7 5 9 7 3 9 5
1 3 8 8 3 -1 -1 -1 -1 -1 -1 -1 -1
3 1 11 3 9 9 3 11 1 -1 -1 -1 -1
3 3 10 5 8 8 5 10 3 -1 -1 -1 -1
1 3 11 11 3 -1 -1 -1 -1 -1 -1 -1 -1
5 0 5 1 10 3 12 5 0 10 1 12 3
5 0 4 2 7 4 0 6 12 7 2 12 6
5 0 7 1 4 4 1 7 0 9 12 12 9
1 2 4 4 2 -1 -1 -1 -1 -1 -1 -1 -1
-1 -1 -1 -1 -1 -1 -1 -1 -1 -1 -1 -1 -1
0 4 4 -1 -1 -1 -1 -1 -1 -1 -1 -1 -1
5 0 12 4 5 5 4 7 10 10 7 12 0
1 4 6 6 4 -1 -1 -1 -1 -1 -1 -1 -1
1 4 7 7 4 -1 -1 -1 -1 -1 -1 -1 -1
5 0 2 2 0 4 8 6 10 8 4 10 6
3 4 9 6 7 7 6 9 4 -1 -1 -1 -1
3 2 12 4 10 10 4 12 2 -1 -1 -1 -1
5 0 6 2 9 4 11 6 0 9 2 11 4
1 4 12 12 4 -1 -1 -1 -1 -1 -1 -1 -1
5 0 5 1 10 3 12 5 0 10 1 12 3
1 1 5 5 1 -1 -1 -1 -1 -1 -1 -1 -1
5 0 10 2 5 5 2 8 12 10 0 12 8
1 3 5 5 3 -1 -1 -1 -1 -1 -1 -1 -1
5 0 12 4 5 5 4 7 10 10 7 12 0
0 5 5 -1 -1 -1 -1 -1 -1 -1 -1 -1 -1
-1 -1 -1 -1 -1 -1 -1 -1 -1 -1 -1 -1 -1
3 1 12 5 7 7 5 12 1 -1 -1 -1 -1
3 3 10 5 8 8 5 10 3 -1 -1 -1 -1
5 0 1 1 0 3 7 5 9 7 3 9 5
1 5 10 10 5 -1 -1 -1 -1 -1 -1 -1 -1
5 0 3 1 8 3 0 5 11 8 1 11 5
1 5 12 12 5 -1 -1 -1 -1 -1 -1 -1 -1
5 0 6 2 9 4 11 6 0 9 2 11 4
5 0 9 1 6 6 1 7 11 9 0 11 7
1 2 6 6 2 -1 -1 -1 -1 -1 -1 -1 -1
5 0 11 3 6 6 3 8 9 9 8 11 0
1 4 6 6 4 -1 -1 -1 -1 -1 -1 -1 -1
-1 -1 -1 -1 -1 -1 -1 -1 -1 -1 -1 -1 -1
0 6 6 -1 -1 -1 -1 -1 -1 -1 -1 -1 -1
3 4 9 6 7 7 6 9 4 -1 -1 -1 -1
3 2 11 6 8 8 6 11 2 -1 -1 -1 -1
1 6 9 9 6 -1 -1 -1 -1 -1 -1 -1 -1
5 0 2 2 0 4 8 6 10 8 4 10 6
1 6 11 11 6 -1 -1 -1 -1 -1 -1 -1 -1
5 0 4 2 7 4 0 6 12 7 2 12 6
5 0 7 1 4 4 1 7 0 9 12 12 9
1 1 7 7 1 -1 -1 -1 -1 -1 -1 -1 -1
5 0 4 2 7 4 0 6 12 7 2 12 6
5 0 1 1 0 3 7 5 9 7 3 9 5
1 4 7 7 4 -1 -1 -1 -1 -1 -1 -1 -1
3 1 12 5 7 7 5 12 1 -1 -1 -1 -1
3 4 9 6 7 7 6 9 4 -1 -1 -1 -1
0 7 7 -1 -1 -1 -1 -1 -1 -1 -1 -1 -1
-1 -1 -1 -1 -1 -1 -1 -1 -1 -1 -1 -1 -1
1 7 9 9 7 -1 -1 -1 -1 -1 -1 -1 -1
5 0 12 4 5 5 4 7 10 10 7 12 0
5 0 9 1 6 6 1 7 11 9 0 11 7
1 7 12 12 7 -1 -1 -1 -1 -1 -1 -1 -1
5 0 8 2 3 3 2 8 0 10 11 11 10
5 0 3 1 8 3 0 5 11 8 1 11 5
1 2 8 8 2 -1 -1 -1 -1 -1 -1 -1 -1
1 3 8 8 3 -1 -1 -1 -1 -1 -1 -1 -1
5 0 2 2 0 4 8 6 10 8 4 10 6
3 3 10 5 8 8 5 10 3 -1 -1 -1 -1
3 2 11 6 8 8 6 11 2 -1 -1 -1 -1
-1 -1 -1 -1 -1 -1 -1 -1 -1 -1 -1 -1 -1
0 8 8 -1 -1 -1 -1 -1 -1 -1 -1 -1 -1
5 0 11 3 6 6 3 8 9 9 8 11 0
1 8 10 10 8 -1 -1 -1 -1 -1 -1 -1 -1
1 8 11 11 8 -1 -1 -1 -1 -1 -1 -1 -1
5 0 10 2 5 5 2 8 12 10 0 12 8
5 0 9 1 6 6 1 7 11 9 0 11 7
1 1 9 9 1 -1 -1 -1 -1 -1 -1 -1 -1
5 0 6 2 9 4 11 6 0 9 2 11 4
3 1 11 3 9 9 3 11 1 -1 -1 -1 -1
3 4 9 6 7 7 6 9 4 -1 -1 -1 -1
5 0 1 1 0 3 7 5 9 7 3 9 5
1 6 9 9 6 -1 -1 -1 -1 -1 -1 -1 -1
1 7 9 9 7 -1 -1 -1 -1 -1 -1 -1 -1
5 0 11 3 6 6 3 8 9 9 8 11 0
0 9 9 -1 -1 -1 -1 -1 -1 -1 -1 -1 -1
-1 -1 -1 -1 -1 -1 -1 -1 -1 -1 -1 -1 -1
1 9 11 11 9 -1 -1 -1 -1 -1 -1 -1 -1
5 0 7 1 4 4 1 7 0 9 12 12 9
5 0 10 2 5 5 2 8 12 10 0 12 8
5 0 5 1 10 3 12 5 0 10 1 12 3
1 2 10 10 2 -1 -1 -1 -1 -1 -1 -1 -1
3 3 10 5 8 8 5 10 3 -1 -1 -1 -1
3 2 12 4 10 10 4 12 2 -1 -1 -1 -1
1 5 10 10 5 -1 -1 -1 -1 -1 -1 -1 -1
5 0 2 2 0 4 8 6 10 8 4 10 6
5 0 12 4 5 5 4 7 10 10 7 12 0
1 8 10 10 8 -1 -1 -1 -1 -1 -1 -1 -1
-1 -1 -1 -1 -1 -1 -1 -1 -1 -1 -1 -1 -1
0 10 10 -1 -1 -1 -1 -1 -1 -1 -1 -1 -1
5 0 8 2 3 3 2 8 0 10 11 11 10
1 10 12 12 10 -1 -1 -1 -1 -1 -1 -1 -1
5 0 11 3 6 6 3 8 9 9 8 11 0
3 1 11 3 9 9 3 11 1 -1 -1 -1 -1
3 2 11 6 8 8 6 11 2 -1 -1 -1 -1
1 3 11 11 3 -1 -1 -1 -1 -1 -1 -1 -1
5 0 6 2 9 4 11 6 0 9 2 11 4
5 0 3 1 8 3 0 5 11 8 1 11 5
1 6 11 11 6 -1 -1 -1 -1 -1 -1 -1 -1
5 0 9 1 6 6 1 7 11 9 0 11 7
1 8 11 11 8 -1 -1 -1 -1 -1 -1 -1 -1
1 9 11 11 9 -1 -1 -1 -1 -1 -1 -1 -1
5 0 8 2 3 3 2 8 0 10 11 11 10
0 11 11 -1 -1 -1 -1 -1 -1 -1 -1 -1 -1
-1 -1 -1 -1 -1 -1 -1 -1 -1 -1 -1 -1 -1
5 0 12 4 5 5 4 7 10 10 7 12 0
3 1 12 5 7 7 5 12 1 -1 -1 -1 -1
3 2 12 4 10 10 4 12 2 -1 -1 -1 -1
5 0 5 1 10 3 12 5 0 10 1 12 3
1 4 12 12 4 -1 -1 -1 -1 -1 -1 -1 -1
1 5 12 12 5 -1 -1 -1 -1 -1 -1 -1 -1
5 0 4 2 7 4 0 6 12 7 2 12 6
1 7 12 12 7 -1 -1 -1 -1 -1 -1 -1 -1
5 0 10 2 5 5 2 8 12 10 0 12 8
5 0 7 1 4 4 1 7 0 9 12 12 9
1 10 12 12 10 -1 -1 -1 -1 -1 -1 -1 -1
-1 -1 -1 -1 -1 -1 -1 -1 -1 -1 -1 -1 -1
0 12 12 -1 -1 -1 -1 -1 -1 -1 -1 -1 -1
