0	0
9	9
15	15
21	21
46	46
50	50
86	86
95	95
100	100
123	123
137	137
157	157
169	169
212	212
220	220
232	232
236	236
253	253
256	256
316	316
329	329
351	351
358	358
384	384
408	408
435	435
443	443
462	462
476	476
483	483
505	505
555	555
567	567
610	610
629	629
639	639
644	644
689	689
703	703
720	720
739	739
748	748
753	753
764	764
777	777
790	790
806	806
820	820
833	833
845	845
859	859
879	879
899	899
904	904
913	913
921	921
943	943
954	954
975	975
991	991
1016	1016
1021	1021
1033	1033
1057	1057
1110	1110
1130	1130
1135	1135
1159	1159
1166	1166
1204	1204
1240	1240
1275	1275
1276	1276
1302	1302
1306	1306
1308	1308
1353	1353
1355	1355
1379	1379
1385	1385
1404	1404
1429	1429
1448	1448
1454	1454
1462	1462
1469	1469
1470	1470
1487	1487
1498	1498
1502	1502
1506	1506
1524	1524
1531	1531


