513
2
514
517
520
9
13
14
526
16
17
529
20
22
25
537
542
544
547
36
551
42
554
44
555
46
557
49
571
61
575
69
70
584
590
82
83
85
87
600
89
90
92
93
604
95
96
607
98
609
100
101
610
103
615
617
108
111
113
117
629
119
633
122
123
634
637
641
642
137
139
140
651
659
150
664
154
667
669
160
674
164
165
166
168
169
170
171
172
173
174
175
688
177
178
689
180
181
182
695
184
188
190
702
704
193
194
195
712
202
204
206
719
210
723
212
214
215
728
218
730
732
222
736
225
229
230
231
232
747
239
240
242
244
245
246
757
251
763
254
255
766
258
774
263
775
274
278
279
791
281
283
795
285
796
290
291
803
804
294
295
805
806
807
299
809
812
815
306
818
822
824
314
826
829
319
831
321
322
832
324
325
834
836
328
329
838
844
845
846
848
337
342
344
345
858
347
348
352
864
354
868
357
360
872
874
370
883
887
889
891
387
389
391
392
397
398
399
401
402
404
406
920
921
413
925
415
926
417
928
419
932
422
423
425
426
942
433
434
947
949
439
441
953
445
446
448
449
964
456
968
459
462
974
464
977
470
983
985
987
988
477
478
993
485
486
488
490
493
501
508
