0.3587
0.3272
0.2957
0.2477
0.2318
0.2217
0.2171
0.2244
0.2369
0.2533
0.2724
0.3082
0.3149
0.3113
0.2709
0.2445
0.2207
0.2007
0.187
0.1744
0.1742
0.1766
0.1854
0.1873
0.1856
0.18
0.1708
0.1528
0.1481
0.1468
0.162
0.1866
0.2367
0.3273
0.4905
1.0969
1.4782
1.8098
1.7697
1.4424
1.0602
0.75
0.5186
0.2902
0.2431
0.2159
0.1962
0.1932
0.1918
0.1912
0.1898
0.1842
0.1805
0.1754
0.169
0.1697
0.172
0.1767
0.1822
0.1915
0.1955
0.1999
0.2107
0.2201
0.2329
0.248
0.2648
0.2983
0.3104
0.3218
0.3271
0.324
0.3207
0.313
0.3067
0.2813
0.2608
0.2402
0.2018
0.1882
0.1804
0.1768
0.1763
0.1862
0.1954
0.2056
0.2181
0.2151
0.2049
0.1926
0.1831
0.1795
0.1952
0.2367
0.5373
0.956
1.7927
3.061
4.5548
6.0988
5.5689
4.2191
1.5021
0.8344
0.4817
0.3315
0.2579
0.2408
0.2701
0.3208
0.4819
0.5531
0.5826
0.5491
0.473
0.3075
0.2551
0.2248
0.2082
0.2167
0.2341
0.2626
0.2946
0.3605
0.3757
0.3769
0.3449
0.328
0.3111
0.295
0.2831
0.259
0.2458
0.2354
0.2258
0.2245
0.2246
0.2232
0.2213
0.2149
0.214
0.2147
0.2185
0.2238
0.2303
0.2374
0.2421
0.2413
0.2337
0.2226
0.1999
0.1915
0.1876
0.1862
0.1888
0.2053
0.2174
0.2276
0.2329
0.2274
0.219
0.2117
0.209
0.2287
0.2649
0.3394
0.7104
1.1035
1.6721
2.3911
3.097
3.6801
3.2439
2.534
1.1359
0.7182
0.4884
0.359
0.294
0.2554
0.2653
0.2889
0.3809
0.4498
0.5226
0.5988
0.6644
0.7358
0.7476
0.7348
0.6281
0.5392
0.4449
0.3616
0.2986
0.2308
0.2215
0.2264
0.291
0.3692
0.4887
0.6753
0.9083
1.3558
1.4435
1.3837
0.9766
0.7495
0.5624
0.4241
0.3312
0.2396
0.2184
0.2068
0.1984
0.2001
0.2022
0.2044
0.2058
0.2058
0.2052
0.2048
0.2087
0.2122
0.2171
0.2234
0.2303
0.2443
0.2479
0.2511
0.2538
0.2524
0.2517
0.2475
0.2458
0.2482
0.2535
0.2604
0.2811
0.2942
0.3046
0.3076
0.306
0.2798
0.2672
0.2637
0.2857
0.3212
0.378
0.4546
0.5439
0.6808
0.6672
0.6001
0.442
0.3984
0.3954
0.4427
0.6017
1.8759
3.677
6.6408
12.7123
14.1904
14.4653
13.4995
11.0302
4.299
2.1865
1.122
0.4485
0.379
0.3697
0.4112
0.4947
0.7587
0.8833
0.9733
0.9464
0.8527
0.7808
0.7205
0.6937
0.6862
0.6883
0.6827
0.5966
0.5243
0.4437
0.3697
0.3121
0.2469
0.231
0.2228
0.2168
0.2161
0.2131
0.2127
0.2119
0.2282
0.2448
0.2622
0.299
0.3097
0.3084
0.2983
0.281
0.2406
0.2264
0.2208
0.2298
0.2532
0.2873
0.3293
0.3742
0.4336
0.4382
0.4261
0.4174
0.4423
0.5193
0.6768
1.015
2.5986
4.0373
5.668
7.8165
7.556
6.3183
4.7074
3.0562
1.1152
0.7459
0.5566
0.4267
0.4278
0.445
0.4571
0.4672
0.4849
0.5098
0.5687
0.9959
1.5855
2.9075
5.1431
8.3491
13.5536
14.3958
13.8208
8.9612
5.6627
3.0496
1.5991
0.9312
0.4901
0.4327
0.4042
0.3946
0.381
0.3728
0.3713
0.4001
0.5727
0.8041
1.31
4.1623
7.1333
10.4011
13.3627
15.0636
14.56
12.004
7.8623
1.7247
0.7822
0.4257
0.2958
0.2609
0.3401
0.4832
0.7496
1.773
2.5614
3.2611
3.6818
3.7479
3.0914
2.4968
1.9276
1.0149
0.7211
0.5164
0.3957
0.3212
0.2606
0.2655
0.2986
0.5256
0.8042
1.3129
2.1483
3.2053
5.2559
5.8811
5.9342
4.305
3.019
1.8983
1.1041
0.6655
0.3161
0.2548
0.2252
0.2125
0.2205
0.2378
0.2609
0.2844
0.3175
0.3177
0.3085
0.2677
0.2457
0.2289
0.2189
0.2243
0.2761
0.3404
0.4507
0.8456
1.0931
1.2745
1.2946
1.1888
0.8771
0.7736
0.7695
1.3462
2.4076
4.6937
8.6706
13.1162
18.2555
18.9798
18.7957
14.8512
10.2126
5.4164
2.4309
1.1177
0.4201
0.3651
0.3752
0.5838
0.7951
1.0523
1.2952
1.4205
1.2852
1.098
0.9139
0.677
0.6302
0.6147
0.6223
0.6249
0.6108
0.5844
0.5432
0.4578
0.4296
0.4109
0.4019
0.3979
0.3958
0.3872
0.3728
0.3402
0.3319
0.3216
0.3114
0.2951
0.2569
0.2377
0.2223
0.204
0.199
0.1957
0.1921
0.188
0.1738
0.1658
0.1582
0.1503
0.1503
0.1528
0.1599
0.1719
0.2111
0.2356
0.2565
0.2802
0.2774
0.273
0.2694
0.276
0.3303
0.3936
0.4968
0.8675
1.1416
1.4126
1.5806
1.5715
1.0877
0.7855
0.5555
0.3092
0.2553
0.2298
0.2186
0.2225
0.2541
0.2765
0.2982
0.316
0.3031
0.2785
0.2508
0.2235
0.1845
0.1742
0.1683
0.1657
0.1685
0.1731
0.1796
0.1853
0.1926
0.1936
0.1912
0.1853
0.1831
0.1815
0.182
0.1838
0.1932
0.198
0.2001
0.1897
0.1769
0.1658
0.1575
0.1528
0.1582
0.1756
0.2136
0.436
0.6977
1.1009
1.6302
2.148
2.3693
1.9569
1.3871
0.5654
0.374
0.2688
0.2133
0.1861
0.1728
0.1777
0.1884
0.2214
0.2382
0.2458
0.2424
0.2267
0.1845
0.1672
0.1559
0.1478
0.1486
0.1514
0.1555
0.16
0.1659
0.1647
0.1599
0.147
0.142
0.1393
0.1396
0.1424
0.1701
0.2085
0.2788
0.6286
0.9693
1.3778
1.7869
2.0748
1.8313
1.4302
1.0447
0.522
0.3884
0.3098
0.2649
0.2404
0.2176
0.2086
0.2011
0.1879
0.1803
0.1747
0.17
0.1675
0.1668
0.1689
0.1701
0.1669
0.1624
0.1568
0.1522
0.1493
0.1483
0.1507
0.1548
0.1645
0.1669
0.1656
0.1605
0.1521
0.1376
0.1342
0.1338
0.1507
0.1784
0.2359
0.3489
0.5695
1.4755
2.0492
2.5011
2.1926
1.6394
1.0964
0.6958
0.4479
0.2415
0.2057
0.1886
0.1822
0.1856
0.1925
0.1969
0.2022
0.2
0.1921
0.1843
0.1697
0.1669
0.1668
0.1697
0.1744
0.1853
0.1911
0.1954
0.1998
0.2027
0.2064
0.2097
0.2154
0.2287
0.2362
0.2431
0.2557
0.2639
0.2731
0.2841
0.2981
0.3237
0.3282
0.3292
0.3167
0.3085
0.3043
0.3017
0.3063
0.3409
0.3707
0.4085
0.4978
0.526
0.5418
0.5418
0.523
0.454
0.424
0.4042
0.4162
0.4553
0.5194
0.6128
0.7277
0.9545
0.98
0.9248
0.6373
0.5042
0.4218
0.3746
0.3641
0.4606
0.5837
0.7854
1.3432
1.5573
1.6119
1.5329
1.408
1.2853
1.4462
1.9165
5.1476
8.529
12.3523
15.4793
17.3727
18.3919
17.5626
15.585
7.4076
3.6998
1.7706
0.8926
0.544
0.3757
0.3951
0.4591
0.7248
0.8901
1.0173
1.0819
1.042
0.8286
0.743
0.6543
0.601
0.6166
0.6259
0.6528
0.6514
0.6142
0.5751
0.5291
0.4557
0.4272
0.4002
0.3805
0.3603
0.3179
0.2979
0.2819
0.2627
0.2566
0.2495
0.2413
0.2317
0.212
0.2052
0.2015
0.199
0.1992
0.2008
0.2015
0.2024
0.1978
0.1945
0.192
0.193
0.1999
0.2124
0.2332
0.2624
0.3499
0.3964
0.431
0.4094
0.3628
0.3107
0.26
0.2227
0.1823
0.1765
0.1792
0.2072
0.2335
0.2619
0.289
0.3064
0.3006
0.2877
0.2823
0.3097
0.3697
0.5041
0.7791
1.3082
3.7717
5.5501
7.0528
7.6548
6.5813
5.0148
3.4117
2.1269
0.8955
0.6679
0.5636
0.5462
0.5874
0.6233
0.6485
0.6346
0.5216
0.4581
0.396
0.3073
0.2848
0.2685
0.2567
0.2444
0.2115
0.1939
0.1823
0.1738
0.1798
0.2005
0.2433
0.3339
0.8299
1.376
2.1323
3.5387
3.6823
3.1886
2.4463
1.6442
0.6722
0.4578
0.3447
0.2634
0.2607
0.2683
0.2854
0.3054
0.3397
0.3416
0.3256
0.2695
0.2442
0.2224
0.2088
0.2009
0.1984
0.2018
0.2047
0.2161
0.2226
0.2295
0.2361
0.2424
0.2511
0.2522
0.2546
0.2595
0.2649
0.2736
0.2876
0.3084
0.3708
0.4079
0.4435
0.4954
0.4994
0.4877
0.4663
0.4357
0.3729
0.348
0.3272
0.301
0.2916
0.2862
0.2841
0.2815
0.2788
0.2789
0.2799
0.2902
0.301
0.3136
0.3287
0.3508
0.4143
0.4533
0.4956
0.5698
0.5984
0.622
0.653
0.7053
0.8391
0.9508
1.1036
1.5531
1.815
2.0682
2.2416
2.401
2.8082
3.2665
3.9858
6.9501
9.1788
11.4789
13.4404
14.9848
15.997
15.4711
14.2979
9.2541
6.1513
3.7121
2.1395
1.2835
0.6279
0.5314
0.4893
0.5279
0.5869
0.6571
0.7171
0.7645
0.7964
0.7805
0.7517
0.6966
0.6737
0.6535
0.6264
0.594
0.5136
0.47
0.4342
0.3937
0.3887
0.3844
0.3809
0.3811
0.3765
0.3691
0.3585
0.3355
0.3245
0.3134
0.2982
0.2741
0.2195
0.1965
0.1774
0.159
0.156
0.1557
0.1584
0.1641
0.1718
0.1717
0.1655
0.1473
0.1399
0.1356
0.134
0.1385
0.1768
0.2269
0.3305
0.8194
1.2613
1.7643
2.1535
2.1829
1.4327
0.9516
0.5957
0.2648
0.2015
0.171
0.1558
0.152
0.16
0.1707
0.1845
0.2136
0.2195
0.2141
0.1978
0.1822
0.1598
0.1578
0.1617
0.1957
0.234
0.2918
0.3768
0.4816
0.6488
0.6557
0.5934
0.3988
0.3142
0.251
0.2083
0.1816
0.157
0.1516
0.1494
0.1457
0.1426
0.1414
0.141
0.1442
0.1665
0.2011
0.2718
0.6904
1.1976
1.9623
2.8221
3.5654
3.4737
2.7073
1.8849
0.7586
0.506
0.37
0.2945
0.2514
0.2187
0.2124
0.2103
0.21
0.2074
0.2039
0.1997
0.1936
0.181
0.175
0.1687
0.1574
0.1528
0.1508
0.1506
0.1523
0.1594
0.166
0.173
0.1832
0.1822
0.1766
0.1706
0.1663
0.169
0.1857
0.2257
0.4973
0.8673
1.5694
2.6029
3.8463
5.3662
4.9939
3.9404
1.573
0.9129
0.5321
0.3559
0.2618
0.2017
0.1975
0.2003
0.2185
0.227
0.2338
0.2337
0.23
0.2161
0.2096
0.2057
0.2072
0.2117
0.2173
0.2277
0.2391
0.2601
0.2687
0.273
0.2596
0.2435
0.2235
0.2043
0.1887
0.1718
0.1746
0.1869
0.2787
0.3872
0.5759
0.859
1.2553
1.9808
2.0017
1.7694
0.9184
0.5923
0.3944
0.2824
0.2203
0.1719
0.1668
0.169
0.186
0.196
0.205
0.2069
0.2027
0.1856
0.1781
0.1728
0.1776
0.1846
0.1936
0.203
0.2089
0.202
0.1907
0.1798
0.1668
0.1667
0.1723
0.1823
0.1975
0.2388
0.2563
0.2627
0.2325
0.2101
0.1919
0.1789
0.1742
0.2081
0.2688
0.4059
1.222
2.0829
3.1794
4.1752
4.7046
3.362
2.2426
1.2946
0.4363
0.2981
0.23
0.203
0.1932
0.2096
0.2296
0.2481
0.277
0.278
0.2688
0.2564
0.2417
0.2269
0.2258
0.2268
0.2214
0.2122
0.198
0.1848
0.1754
0.1685
0.1738
0.1895
0.265
0.3349
0.4394
0.5641
0.6928
0.804
0.7617
0.6676
0.4285
0.3265
0.2546
0.2085
0.1812
0.1597
0.1591
0.1635
0.1922
0.2158
0.2458
0.2793
0.311
0.3414
0.3346
0.3145
0.2585
0.2361