0	0.3587
0	0.3272
0	0.2957
0	0.2688
0	0.2477
0	0.2318
0	0.2217
0	0.2167
0	0.2171
0	0.2244
0	0.2369
0	0.2533
0	0.2724
0	0.2926
0	0.3082
0	0.3149
0	0.3113
0	0.295
0	0.2709
0	0.2445
0	0.2207
0	0.2007
0	0.187
0	0.1785
0	0.1744
0	0.1742
0	0.1766
0	0.1805
0	0.1854
0	0.1873
0	0.1856
0	0.18
0	0.1708
0	0.1604
0	0.1528
0	0.1481
0	0.1468
0	0.1502
0	0.162
0	0.1866
0	0.2367
0	0.3273
0	0.4905
0	0.7438
0	1.0969
0	1.4782
0	1.8098
0	1.9225
0	1.7697
0	1.4424
0	1.0602
0	0.75
0	0.5186
0	0.3773
0	0.2902
0	0.2431
0	0.2159
0	0.2031
0	0.1962
0	0.1932
0	0.1918
0	0.1912
0	0.1898
0	0.1877
0	0.1842
0	0.1805
0	0.1754
0	0.1719
0	0.169
0	0.1697
0	0.172
0	0.1767
0	0.1822
0	0.1875
0	0.1915
0	0.1955
0	0.1999
0	0.2042
0	0.2107
0	0.2201
0	0.2329
0	0.248
0	0.2648
0	0.2807
0	0.2983
0	0.3104
0	0.3218
0	0.3247
0	0.3271
0	0.324
0	0.3207
0	0.313
0	0.3067
0	0.2954
0	0.2813
0	0.2608
0	0.2402
0	0.2196
0	0.2018
0	0.1882
0	0.1804
0	0.1768
0	0.1763
0	0.1794
0	0.1862
0	0.1954
0	0.2056
0	0.2134
0	0.2181
0	0.2151
0	0.2049
0	0.1926
0	0.1831
0	0.1779
0	0.1795
0	0.1952
0	0.2367
0	0.3288
0	0.5373
0	0.956
0	1.7927
0	3.061
0	4.5548
0	5.7
0	6.0988
0	5.5689
0	4.2191
0	2.7558
0	1.5021
0	0.8344
0	0.4817
0	0.3315
0	0.2579
0	0.2378
0	0.2408
0	0.2701
0	0.3208
0	0.3969
0	0.4819
0	0.5531
0	0.5826
0	0.5491
0	0.473
0	0.3855
0	0.3075
0	0.2551
0	0.2248
0	0.2099
0	0.2082
0	0.2167
0	0.2341
0	0.2626
0	0.2946
0	0.3313
0	0.3605
0	0.3757
0	0.3769
0	0.3633
0	0.3449
0	0.328
0	0.3111
0	0.295
0	0.2831
0	0.2728
0	0.259
0	0.2458
0	0.2354
0	0.2294
0	0.2258
0	0.2245
0	0.2246
0	0.2232
0	0.2213
0	0.218
0	0.2149
0	0.214
0	0.2147
0	0.2156
0	0.2185
0	0.2238
0	0.2303
0	0.2374
0	0.2421
0	0.2442
0	0.2413
0	0.2337
0	0.2226
0	0.2099
0	0.1999
0	0.1915
0	0.1876
0	0.1862
0	0.1888
0	0.1957
0	0.2053
0	0.2174
0	0.2276
0	0.2337
0	0.2329
0	0.2274
0	0.219
0	0.2117
0	0.209
0	0.213
0	0.2287
0	0.2649
0	0.3394
0	0.4777
0	0.7104
0	1.1035
0	1.6721
0	2.3911
0	3.097
0	3.6166
0	3.6801
0	3.2439
0	2.534
0	1.7468
0	1.1359
0	0.7182
0	0.4884
0	0.359
0	0.294
0	0.2633
0	0.2554
0	0.2653
0	0.2889
0	0.3284
0	0.3809
0	0.4498
0	0.5226
0	0.5988
0	0.6644
0	0.7106
0	0.7358
0	0.7476
0	0.7348
0	0.6926
0	0.6281
0	0.5392
0	0.4449
0	0.3616
0	0.2986
0	0.2552
0	0.2308
0	0.2215
0	0.2264
0	0.247
0	0.291
0	0.3692
0	0.4887
0	0.6753
0	0.9083
0	1.1645
0	1.3558
0	1.4435
0	1.3837
0	1.213
0	0.9766
0	0.7495
0	0.5624
0	0.4241
0	0.3312
0	0.274
0	0.2396
0	0.2184
0	0.2068
0	0.1994
0	0.1984
0	0.2001
0	0.2022
0	0.2044
0	0.2058
0	0.206
0	0.2058
0	0.2052
0	0.2048
0	0.2061
0	0.2087
0	0.2122
0	0.2171
0	0.2234
0	0.2303
0	0.2383
0	0.2443
0	0.2479
0	0.2511
0	0.2529
0	0.2538
0	0.2524
0	0.2517
0	0.2475
0	0.2458
0	0.2455
0	0.2482
0	0.2535
0	0.2604
0	0.2691
0	0.2811
0	0.2942
0	0.3046
0	0.3076
0	0.306
0	0.2943
0	0.2798
0	0.2672
0	0.2637
0	0.2692
0	0.2857
0	0.3212
0	0.378
0	0.4546
0	0.5439
0	0.6308
0	0.6808
0	0.6672
0	0.6001
0	0.5126
0	0.442
0	0.3984
0	0.3954
0	0.4427
0	0.6017
0	0.9816
0	1.8759
0	3.677
0	6.6408
0	10.0175
0	12.7123
0	14.1904
0	14.4653
0	13.4995
0	11.0302
0	7.6457
0	4.299
0	2.1865
0	1.122
0	0.6568
0	0.4485
0	0.379
0	0.3697
0	0.4112
0	0.4947
0	0.6154
0	0.7587
0	0.8833
0	0.9733
0	0.9779
0	0.9464
0	0.8527
0	0.7808
0	0.7205
0	0.6937
0	0.6767
0	0.6862
0	0.6883
0	0.6827
0	0.6519
0	0.5966
0	0.5243
0	0.4437
0	0.3697
0	0.3121
0	0.2714
0	0.2469
0	0.231
0	0.2228
0	0.2193
0	0.2168
0	0.2161
0	0.2131
0	0.2127
0	0.2119
0	0.2175
0	0.2282
0	0.2448
0	0.2622
0	0.2815
0	0.299
0	0.3097
0	0.3084
0	0.2983
0	0.281
0	0.2587
0	0.2406
0	0.2264
0	0.2208
0	0.2206
0	0.2298
0	0.2532
0	0.2873
0	0.3293
0	0.3742
0	0.4135
0	0.4336
0	0.4382
0	0.4261
0	0.4145
0	0.4174
0	0.4423
0	0.5193
0	0.6768
0	1.015
0	1.5914
0	2.5986
0	4.0373
0	5.668
0	7.0552
0	7.8165
0	7.556
0	6.3183
0	4.7074
0	3.0562
0	1.8414
0	1.1152
0	0.7459
0	0.5566
0	0.4653
0	0.4267
0	0.4278
0	0.445
0	0.4571
0	0.4672
0	0.4733
0	0.4849
0	0.5098
0	0.5687
0	0.6883
0	0.9959
0	1.5855
0	2.9075
0	5.1431
0	8.3491
0	11.3452
0	13.5536
0	14.3958
0	13.8208
0	11.945
0	8.9612
0	5.6627
0	3.0496
0	1.5991
0	0.9312
0	0.6412
0	0.4901
0	0.4327
0	0.4042
0	0.4028
0	0.3946
0	0.381
0	0.3728
0	0.3713
0	0.4001
0	0.4518
0	0.5727
0	0.8041
0	1.31
0	2.3016
0	4.1623
0	7.1333
0	10.4011
0	13.3627
0	15.0636
0	15.6239
0	14.56
0	12.004
0	7.8623
0	3.9493
0	1.7247
0	0.7822
0	0.4257
0	0.2958
0	0.2609
0	0.2712
0	0.3401
0	0.4832
0	0.7496
0	1.1709
0	1.773
0	2.5614
0	3.2611
0	3.6818
0	3.7479
0	3.54
0	3.0914
0	2.4968
0	1.9276
0	1.4369
0	1.0149
0	0.7211
0	0.5164
0	0.3957
0	0.3212
0	0.2792
0	0.2606
0	0.2655
0	0.2986
0	0.3788
0	0.5256
0	0.8042
0	1.3129
0	2.1483
0	3.2053
0	4.3311
0	5.2559
0	5.8811
0	5.9342
0	5.3889
0	4.305
0	3.019
0	1.8983
0	1.1041
0	0.6655
0	0.4356
0	0.3161
0	0.2548
0	0.2252
0	0.2111
0	0.2125
0	0.2205
0	0.2378
0	0.2609
0	0.2844
0	0.3052
0	0.3175
0	0.3177
0	0.3085
0	0.2888
0	0.2677
0	0.2457
0	0.2289
0	0.2189
0	0.2243
0	0.2413
0	0.2761
0	0.3404
0	0.4507
0	0.6195
0	0.8456
0	1.0931
0	1.2745
0	1.2946
0	1.1888
0	1.0235
0	0.8771
0	0.7736
0	0.7695
0	0.9036
0	1.3462
0	2.4076
0	4.6937
0	8.6706
0	13.1162
0	16.4621
0	18.2555
0	18.9798
0	18.7957
0	17.6035
0	14.8512
0	10.2126
0	5.4164
0	2.4309
0	1.1177
0	0.6088
0	0.4201
0	0.3651
0	0.3752
0	0.4507
0	0.5838
0	0.7951
0	1.0523
0	1.2952
0	1.4205
0	1.4072
0	1.2852
0	1.098
0	0.9139
0	0.7781
0	0.677
0	0.6302
0	0.6147
0	0.6223
0	0.6249
0	0.6259
0	0.6108
0	0.5844
0	0.5432
0	0.4974
0	0.4578
0	0.4296
0	0.4109
0	0.4019
0	0.3979
0	0.3965
0	0.3958
0	0.3872
0	0.3728
0	0.3573
0	0.3402
0	0.3319
0	0.3216
0	0.3114
0	0.2951
0	0.2772
0	0.2569
0	0.2377
0	0.2223
0	0.2099
0	0.204
0	0.199
0	0.1957
0	0.1921
0	0.188
0	0.182
0	0.1738
0	0.1658
0	0.1582
0	0.1529
0	0.1503
0	0.1503
0	0.1528
0	0.1599
0	0.1719
0	0.19
0	0.2111
0	0.2356
0	0.2565
0	0.2732
0	0.2802
0	0.2774
0	0.273
0	0.2694
0	0.276
0	0.2932
0	0.3303
0	0.3936
0	0.4968
0	0.6523
0	0.8675
0	1.1416
0	1.4126
0	1.5806
0	1.5715
0	1.3807
0	1.0877
0	0.7855
0	0.5555
0	0.3993
0	0.3092
0	0.2553
0	0.2298
0	0.2186
0	0.2225
0	0.235
0	0.2541
0	0.2765
0	0.2982
0	0.3141
0	0.316
0	0.3031
0	0.2785
0	0.2508
0	0.2235
0	0.201
0	0.1845
0	0.1742
0	0.1683
0	0.1655
0	0.1657
0	0.1685
0	0.1731
0	0.1796
0	0.1853
0	0.1907
0	0.1926
0	0.1936
0	0.1912
0	0.1884
0	0.1853
0	0.1831
0	0.1815
0	0.182
0	0.1838
0	0.1877
0	0.1932
0	0.198
0	0.2001
0	0.198
0	0.1897
0	0.1769
0	0.1658
0	0.1575
0	0.1528
0	0.1515
0	0.1582
0	0.1756
0	0.2136
0	0.2908
0	0.436
0	0.6977
0	1.1009
0	1.6302
0	2.148
0	2.4811
0	2.3693
0	1.9569
0	1.3871
0	0.8992
0	0.5654
0	0.374
0	0.2688
0	0.2133
0	0.1861
0	0.174
0	0.1728
0	0.1777
0	0.1884
0	0.204
0	0.2214
0	0.2382
0	0.2458
0	0.2424
0	0.2267
0	0.2054
0	0.1845
0	0.1672
0	0.1559
0	0.1494
0	0.1478
0	0.1486
0	0.1514
0	0.1555
0	0.16
0	0.1646
0	0.1659
0	0.1647
0	0.1599
0	0.154
0	0.147
0	0.142
0	0.1393
0	0.1396
0	0.1424
0	0.1512
0	0.1701
0	0.2085
0	0.2788
0	0.409
0	0.6286
0	0.9693
0	1.3778
0	1.7869
0	2.0748
0	2.0704
0	1.8313
0	1.4302
0	1.0447
0	0.7348
0	0.522
0	0.3884
0	0.3098
0	0.2649
0	0.2404
0	0.227
0	0.2176
0	0.2086
0	0.2011
0	0.1938
0	0.1879
0	0.1803
0	0.1747
0	0.17
0	0.1675
0	0.1667
0	0.1668
0	0.1689
0	0.1701
0	0.1699
0	0.1669
0	0.1624
0	0.1568
0	0.1522
0	0.1493
0	0.1477
0	0.1483
0	0.1507
0	0.1548
0	0.1597
0	0.1645
0	0.1669
0	0.1656
0	0.1605
0	0.1521
0	0.1434
0	0.1376
0	0.1342
0	0.1338
0	0.1382
0	0.1507
0	0.1784
0	0.2359
0	0.3489
0	0.5695
0	0.9401
0	1.4755
0	2.0492
0	2.5011
0	2.5447
0	2.1926
0	1.6394
0	1.0964
0	0.6958
0	0.4479
0	0.3137
0	0.2415
0	0.2057
0	0.1886
0	0.1821
0	0.1822
0	0.1856
0	0.1925
0	0.1969
0	0.2022
0	0.2022
0	0.2
0	0.1921
0	0.1843
0	0.1757
0	0.1697
0	0.1669
0	0.1668
0	0.1697
0	0.1744
0	0.1802
0	0.1853
0	0.1911
0	0.1954
0	0.1976
0	0.1998
0	0.2027
0	0.2064
0	0.2097
0	0.2154
0	0.2206
0	0.2287
0	0.2362
0	0.2431
0	0.2479
0	0.2557
0	0.2639
0	0.2731
0	0.2841
0	0.2981
0	0.3134
0	0.3237
0	0.3282
0	0.3292
0	0.3238
0	0.3167
0	0.3085
0	0.3043
0	0.3017
0	0.3063
0	0.3204
0	0.3409
0	0.3707
0	0.4085
0	0.4542
0	0.4978
0	0.526
0	0.5418
0	0.5418
0	0.523
0	0.4876
0	0.454
0	0.424
0	0.4042
0	0.4021
0	0.4162
0	0.4553
0	0.5194
0	0.6128
0	0.7277
0	0.8555
0	0.9545
0	0.98
0	0.9248
0	0.7877
0	0.6373
0	0.5042
0	0.4218
0	0.3746
0	0.3641
0	0.3899
0	0.4606
0	0.5837
0	0.7854
0	1.0569
0	1.3432
0	1.5573
0	1.6119
0	1.5329
0	1.408
0	1.2859
0	1.2853
0	1.4462
0	1.9165
0	3.0258
0	5.1476
0	8.529
0	12.3523
0	15.4793
0	17.3727
0	18.3041
0	18.3919
0	17.5626
0	15.585
0	11.8197
0	7.4076
0	3.6998
0	1.7706
0	0.8926
0	0.544
0	0.4129
0	0.3757
0	0.3951
0	0.4591
0	0.5709
0	0.7248
0	0.8901
0	1.0173
0	1.0819
0	1.042
0	0.9566
0	0.8286
0	0.743
0	0.6543
0	0.6178
0	0.601
0	0.6166
0	0.6259
0	0.6528
0	0.6514
0	0.6471
0	0.6142
0	0.5751
0	0.5291
0	0.4895
0	0.4557
0	0.4272
0	0.4002
0	0.3805
0	0.3603
0	0.3396
0	0.3179
0	0.2979
0	0.2819
0	0.271
0	0.2627
0	0.2566
0	0.2495
0	0.2413
0	0.2317
0	0.2212
0	0.212
0	0.2052
0	0.2015
0	0.1996
0	0.199
0	0.1992
0	0.2008
0	0.2015
0	0.2024
0	0.1998
0	0.1978
0	0.1945
0	0.192
0	0.1909
0	0.193
0	0.1999
0	0.2124
0	0.2332
0	0.2624
0	0.3028
0	0.3499
0	0.3964
0	0.431
0	0.4334
0	0.4094
0	0.3628
0	0.3107
0	0.26
0	0.2227
0	0.1962
0	0.1823
0	0.1765
0	0.1792
0	0.1893
0	0.2072
0	0.2335
0	0.2619
0	0.289
0	0.3064
0	0.3101
0	0.3006
0	0.2877
0	0.2823
0	0.2852
0	0.3097
0	0.3697
0	0.5041
0	0.7791
0	1.3082
0	2.2643
0	3.7717
0	5.5501
0	7.0528
0	7.8119
0	7.6548
0	6.5813
0	5.0148
0	3.4117
0	2.1269
0	1.3341
0	0.8955
0	0.6679
0	0.5636
0	0.5376
0	0.5462
0	0.5874
0	0.6233
0	0.6485
0	0.6346
0	0.5868
0	0.5216
0	0.4581
0	0.396
0	0.3442
0	0.3073
0	0.2848
0	0.2685
0	0.2567
0	0.2444
0	0.2288
0	0.2115
0	0.1939
0	0.1823
0	0.175
0	0.1738
0	0.1798
0	0.2005
0	0.2433
0	0.3339
0	0.5116
0	0.8299
0	1.376
0	2.1323
0	2.9751
0	3.5387
0	3.6823
0	3.1886
0	2.4463
0	1.6442
0	1.066
0	0.6722
0	0.4578
0	0.3447
0	0.2883
0	0.2634
0	0.2607
0	0.2683
0	0.2854
0	0.3054
0	0.328
0	0.3397
0	0.3416
0	0.3256
0	0.2995
0	0.2695
0	0.2442
0	0.2224
0	0.2088
0	0.2009
0	0.1985
0	0.1984
0	0.2018
0	0.2047
0	0.2107
0	0.2161
0	0.2226
0	0.2295
0	0.2361
0	0.2424
0	0.2475
0	0.2511
0	0.2522
0	0.2546
0	0.2569
0	0.2595
0	0.2649
0	0.2736
0	0.2876
0	0.3084
0	0.3356
0	0.3708
0	0.4079
0	0.4435
0	0.4748
0	0.4954
0	0.4994
0	0.4877
0	0.4663
0	0.4357
0	0.4033
0	0.3729
0	0.348
0	0.3272
0	0.3128
0	0.301
0	0.2916
0	0.2862
0	0.2841
0	0.2815
0	0.2799
0	0.2788
0	0.2789
0	0.2799
0	0.2827
0	0.2902
0	0.301
0	0.3136
0	0.3287
0	0.3508
0	0.3781
0	0.4143
0	0.4533
0	0.4956
0	0.5307
0	0.5698
0	0.5984
0	0.622
0	0.653
0	0.7053
0	0.7575
0	0.8391
0	0.9508
0	1.1036
0	1.3039
0	1.5531
0	1.815
0	2.0682
0	2.2416
0	2.401
0	2.5691
0	2.8082
0	3.2665
0	3.9858
0	5.2024
0	6.9501
0	9.1788
0	11.4789
0	13.4404
0	14.9848
0	15.7833
0	15.997
0	15.4711
0	14.2979
0	12.1122
0	9.2541
0	6.1513
0	3.7121
0	2.1395
0	1.2835
0	0.8533
0	0.6279
0	0.5314
0	0.4893
0	0.4952
0	0.5279
0	0.5869
0	0.6571
0	0.7171
0	0.7645
0	0.7901
0	0.7964
0	0.7805
0	0.7517
0	0.7239
0	0.6966
0	0.6737
0	0.6535
0	0.6264
0	0.594
0	0.5531
0	0.5136
0	0.47
0	0.4342
0	0.4073
0	0.3937
0	0.3887
0	0.3844
0	0.3809
0	0.3811
0	0.3813
0	0.3765
0	0.3691
0	0.3585
0	0.3469
0	0.3355
0	0.3245
0	0.3134
0	0.2982
0	0.2741
0	0.2478
0	0.2195
0	0.1965
0	0.1774
0	0.1654
0	0.159
0	0.156
0	0.1557
0	0.1584
0	0.1641
0	0.1692
0	0.1718
0	0.1717
0	0.1655
0	0.1567
0	0.1473
0	0.1399
0	0.1356
0	0.134
0	0.1385
0	0.1498
0	0.1768
0	0.2269
0	0.3305
0	0.5112
0	0.8194
0	1.2613
0	1.7643
0	2.1535
0	2.1829
0	1.9269
0	1.4327
0	0.9516
0	0.5957
0	0.382
0	0.2648
0	0.2015
0	0.171
0	0.1558
0	0.152
0	0.1538
0	0.16
0	0.1707
0	0.1845
0	0.2004
0	0.2136
0	0.2195
0	0.2141
0	0.1978
0	0.1822
0	0.1673
0	0.1598
0	0.1578
0	0.1617
0	0.1735
0	0.1957
0	0.234
0	0.2918
0	0.3768
0	0.4816
0	0.5842
0	0.6488
0	0.6557
0	0.5934
0	0.5002
0	0.3988
0	0.3142
0	0.251
0	0.2083
0	0.1816
0	0.1656
0	0.157
0	0.1516
0	0.1494
0	0.1471
0	0.1457
0	0.1426
0	0.1414
0	0.141
0	0.1442
0	0.1508
0	0.1665
0	0.2011
0	0.2718
0	0.4123
0	0.6904
0	1.1976
0	1.9623
0	2.8221
0	3.5654
0	3.8084
0	3.4737
0	2.7073
0	1.8849
0	1.1956
0	0.7586
0	0.506
0	0.37
0	0.2945
0	0.2514
0	0.2305
0	0.2187
0	0.2124
0	0.2103
0	0.2096
0	0.21
0	0.2074
0	0.2039
0	0.1997
0	0.1936
0	0.1869
0	0.181
0	0.175
0	0.1687
0	0.1631
0	0.1574
0	0.1528
0	0.1508
0	0.1506
0	0.1523
0	0.1548
0	0.1594
0	0.166
0	0.173
0	0.1791
0	0.1832
0	0.1822
0	0.1766
0	0.1706
0	0.1663
0	0.1654
0	0.169
0	0.1857
0	0.2257
0	0.3129
0	0.4973
0	0.8673
0	1.5694
0	2.6029
0	3.8463
0	4.8949
0	5.3662
0	4.9939
0	3.9404
0	2.7072
0	1.573
0	0.9129
0	0.5321
0	0.3559
0	0.2618
0	0.2214
0	0.2017
0	0.1975
0	0.2003
0	0.2083
0	0.2185
0	0.227
0	0.2338
0	0.2337
0	0.23
0	0.224
0	0.2161
0	0.2096
0	0.2057
0	0.2048
0	0.2072
0	0.2117
0	0.2173
0	0.2277
0	0.2391
0	0.2502
0	0.2601
0	0.2687
0	0.273
0	0.2691
0	0.2596
0	0.2435
0	0.2235
0	0.2043
0	0.1887
0	0.1774
0	0.1718
0	0.1746
0	0.1869
0	0.2189
0	0.2787
0	0.3872
0	0.5759
0	0.859
0	1.2553
0	1.6534
0	1.9808
0	2.0017
0	1.7694
0	1.3348
0	0.9184
0	0.5923
0	0.3944
0	0.2824
0	0.2203
0	0.1879
0	0.1719
0	0.1668
0	0.169
0	0.1761
0	0.186
0	0.196
0	0.205
0	0.2069
0	0.2027
0	0.195
0	0.1856
0	0.1781
0	0.1728
0	0.173
0	0.1776
0	0.1846
0	0.1936
0	0.203
0	0.2089
0	0.2084
0	0.202
0	0.1907
0	0.1798
0	0.1708
0	0.1668
0	0.1667
0	0.1723
0	0.1823
0	0.1975
0	0.2178
0	0.2388
0	0.2563
0	0.2627
0	0.2538
0	0.2325
0	0.2101
0	0.1919
0	0.1789
0	0.1742
0	0.1812
0	0.2081
0	0.2688
0	0.4059
0	0.6791
0	1.222
0	2.0829
0	3.1794
0	4.1752
0	4.7046
0	4.4026
0	3.362
0	2.2426
0	1.2946
0	0.7397
0	0.4363
0	0.2981
0	0.23
0	0.203
0	0.1932
0	0.1985
0	0.2096
0	0.2296
0	0.2481
0	0.2683
0	0.277
0	0.278
0	0.2688
0	0.2564
0	0.2417
0	0.2324
0	0.2269
0	0.2258
0	0.2268
0	0.2266
0	0.2214
0	0.2122
0	0.198
0	0.1848
0	0.1754
0	0.1688
0	0.1685
0	0.1738
0	0.1895
0	0.2179
0	0.265
0	0.3349
0	0.4394
0	0.5641
0	0.6928
0	0.7779
0	0.804
0	0.7617
0	0.6676
0	0.5471
0	0.4285
0	0.3265
0	0.2546
0	0.2085
0	0.1812
0	0.1665
0	0.1597
0	0.1591
0	0.1635
0	0.1746
0	0.1922
0	0.2158
0	0.2458
0	0.2793
0	0.311
0	0.3331
0	0.3414
0	0.3346
0	0.3145
0	0.2865
0	0.2585
0	0.2361
0	0.218
1	0.1294
1	0.1327
1	0.1359
1	0.1433
1	0.1474
1	0.1536
1	0.179
1	0.2045
1	0.2494
1	0.3211
1	0.4307
1	0.7594
1	0.9349
1	1.0427
1	0.9673
1	0.7989
1	0.6131
1	0.451
1	0.3311
1	0.2043
1	0.1762
1	0.1622
1	0.1572
1	0.1626
1	0.1733
1	0.187
1	0.1995
1	0.2096
1	0.2026
1	0.1867
1	0.1523
1	0.1408
1	0.1337
1	0.1298
1	0.1287
1	0.1322
1	0.1362
1	0.1408
1	0.1451
1	0.1428
1	0.1381
1	0.1324
1	0.1285
1	0.1263
1	0.1297
1	0.1395
1	0.2108
1	0.3129
1	0.5246
1	0.9052
1	1.4703
1	2.5655
1	2.6783
1	2.3125
1	1.1384
1	0.7085
1	0.4488
1	0.3079
1	0.2366
1	0.1857
1	0.1812
1	0.185
1	0.2007
1	0.208
1	0.2099
1	0.2026
1	0.1883
1	0.1559
1	0.1432
1	0.1344
1	0.128
1	0.129
1	0.132
1	0.1363
1	0.1417
1	0.1516
1	0.1532
1	0.1517
1	0.1434
1	0.1398
1	0.1379
1	0.1383
1	0.1411
1	0.1641
1	0.192
1	0.2382
1	0.4542
1	0.6638
1	0.9241
1	1.1944
1	1.3815
1	1.2684
1	1.0351
1	0.7836
1	0.4232
1	0.3232
1	0.2636
1	0.2253
1	0.2036
1	0.1858
1	0.1842
1	0.1852
1	0.1899
1	0.191
1	0.1901
1	0.1874
1	0.1834
1	0.1732
1	0.1689
1	0.1662
1	0.1625
1	0.162
1	0.163
1	0.1638
1	0.1653
1	0.1691
1	0.1721
1	0.1745
1	0.1784
1	0.181
1	0.1838
1	0.189
1	0.1985
1	0.2472
1	0.3065
1	0.4193
1	0.9499
1	1.4275
1	2.0423
1	2.6719
1	3.1406
1	3.0067
1	2.4702
1	1.8139
1	0.8627
1	0.608
1	0.4601
1	0.3729
1	0.3243
1	0.2834
1	0.2751
1	0.267
1	0.248
1	0.238
1	0.2291
1	0.225
1	0.228
1	0.2602
1	0.2966
1	0.3508
1	0.4867
1	0.5403
1	0.5508
1	0.5229
1	0.468
1	0.3836
1	0.3727
1	0.3997
1	0.6853
1	1.0632
1	1.7711
1	2.8392
1	4.1044
1	5.9525
1	5.9932
1	5.2951
1	2.6755
1	1.5836
1	0.9079
1	0.5529
1	0.3819
1	0.2692
1	0.2668
1	0.2879
1	0.3844
1	0.4469
1	0.51
1	0.5534
1	0.5647
1	0.5098
1	0.4711
1	0.4377
1	0.3968
1	0.3921
1	0.3903
1	0.3896
1	0.3849
1	0.3677
1	0.3524
1	0.3302
1	0.2896
1	0.2767
1	0.2681
1	0.2615
1	0.2559
1	0.2419
1	0.2315
1	0.2204
1	0.2049
1	0.2008
1	0.1986
1	0.1983
1	0.2006
1	0.2075
1	0.213
1	0.2171
1	0.2211
1	0.2204
1	0.2161
1	0.21
1	0.2072
1	0.2113
1	0.219
1	0.234
1	0.2753
1	0.2935
1	0.3058
1	0.3044
1	0.289
1	0.2388
1	0.2241
1	0.2199
1	0.2742
1	0.3814
1	0.6194
1	1.1629
1	2.1903
1	5.6969
1	7.2408
1	7.9619
1	6.9293
1	5.2026
1	3.3755
1	1.868
1	1.0359
1	0.4093
1	0.3168
1	0.2903
1	0.322
1	0.3665
1	0.4256
1	0.4734
1	0.5013
1	0.4485
1	0.394
1	0.3425
1	0.2887
1	0.2887
1	0.3041
1	0.3398
1	0.3924
1	0.5284
1	0.5823
1	0.6157
1	0.5611
1	0.4915
1	0.4232
1	0.3682
1	0.3274
1	0.2709
1	0.2526
1	0.2347
1	0.2099
1	0.2017
1	0.1997
1	0.1999
1	0.2024
1	0.2078
1	0.2102
1	0.2112
1	0.209
1	0.2054
1	0.2021
1	0.1979
1	0.1968
1	0.2074
1	0.2229
1	0.2489
1	0.3407
1	0.4133
1	0.4998
1	0.6065
1	0.7043
1	0.8492
1	0.8561
1	0.8219
1	0.6675
1	0.5759
1	0.4936
1	0.4155
1	0.3487
1	0.2605
1	0.2355
1	0.2197
1	0.2121
1	0.217
1	0.2295
1	0.2469
1	0.2701
1	0.3182
1	0.3323
1	0.3358
1	0.3201
1	0.3151
1	0.3182
1	0.3415
1	0.3984
1	0.7649
1	1.1918
1	1.9349
1	4.4039
1	5.6268
1	6.3535
1	6.2523
1	5.2894
1	2.3278
1	1.2543
1	0.6457
1	0.2704
1	0.2254
1	0.21
1	0.2211
1	0.2488
1	0.3689
1	0.4453
1	0.49
1	0.4246
1	0.3644
1	0.315
1	0.2913
1	0.3028
1	0.5661
1	1.0867
1	2.2798
1	7.5163
1	10.0658
1	11.5136
1	11.9793
1	11.5885
1	7.7993
1	4.9719
1	2.7204
1	0.8267
1	0.5598
1	0.4428
1	0.4238
1	0.4554
1	0.7042
1	0.8991
1	1.0523
1	1.0816
1	0.9393
1	0.7576
1	0.5878
1	0.4633
1	0.3102
1	0.273
1	0.2497
1	0.2346
1	0.2376
1	0.2412
1	0.2516
1	0.2556
1	0.2708
1	0.2809
1	0.2889
1	0.275
1	0.2559
1	0.2374
1	0.225
1	0.222
1	0.262
1	0.328
1	0.4406
1	0.7892
1	0.9295
1	0.9112
1	0.8034
1	0.6421
1	0.4374
1	0.4266
1	0.4676
1	1.2007
1	2.4871
1	4.8634
1	8.2504
1	11.1229
1	13.5455
1	13.5892
1	13.0005
1	8.349
1	4.833
1	2.3422
1	1.0389
1	0.5106
1	0.2
1	0.1644
1	0.1524
1	0.1598
1	0.1815
1	0.2327
1	0.3444
1	0.5959
1	2.1752
1	3.9134
1	6.0175
1	9.2096
1	9.7632
1	9.4783
1	7.9791
1	5.7335
1	1.6992
1	0.8439
1	0.4846
1	0.2894
1	0.2952
1	0.351
1	0.4744
1	0.6525
1	1.0821
1	1.1514
1	1.0629
1	0.668
1	0.5219
1	0.4139
1	0.3461
1	0.3123
1	0.3088
1	0.3162
1	0.3283
1	0.3393
1	0.3297
1	0.3026
1	0.2746
1	0.2507
1	0.2164
1	0.2058
1	0.2004
1	0.2009
1	0.2001
1	0.2006
1	0.2027
1	0.2059
1	0.2215
1	0.2303
1	0.2348
1	0.2405
1	0.2497
1	0.2697
1	0.3085
1	0.3789
1	0.7667
1	1.2103
1	1.8809
1	3.6494
1	4.3559
1	4.659
1	4.6156
1	4.1635
1	2.5387
1	1.7788
1	1.2601
1	0.6957
1	0.5733
1	0.5198
1	0.5035
1	0.5167
1	0.5938
1	0.6337
1	0.6547
1	0.6501
1	0.6189
1	0.5788
1	0.5398
1	0.5148
1	0.4973
1	0.4994
1	0.5082
1	0.519
1	0.5107
1	0.4931
1	0.4704
1	0.438
1	0.3797
1	0.3606
1	0.3461
1	0.3288
1	0.3248
1	0.3158
1	0.3069
1	0.2965
1	0.288
1	0.2869
1	0.283
1	0.2682
1	0.2549
1	0.2403
1	0.2265
1	0.2153
1	0.2074
1	0.2103
1	0.217
1	0.2394
1	0.2511
1	0.2597
1	0.2597
1	0.2543
1	0.2238
1	0.2066
1	0.1945
1	0.1859
1	0.1882
1	0.1973
1	0.2115
1	0.2286
1	0.2517
1	0.2517
1	0.2395
1	0.206
1	0.1966
1	0.1961
1	0.2089
1	0.2475
1	0.545
1	0.9853
1	1.8676
1	5.0205
1	6.5233
1	7.3451
1	7.3492
1	6.4516
1	3.1467
1	1.8009
1	0.9995
1	0.4074
1	0.32
1	0.2839
1	0.2767
1	0.2903
1	0.3402
1	0.3588
1	0.3657
1	0.3324
1	0.3037
1	0.2754
1	0.2538
1	0.2429
1	0.2421
1	0.2449
1	0.2471
1	0.2307
1	0.212
1	0.1931
1	0.1764
1	0.1643
1	0.1557
1	0.1602
1	0.1704
1	0.2093
1	0.2343
1	0.254
1	0.2595
1	0.2529
1	0.2385
1	0.2407
1	0.2555
1	0.3925
1	0.5929
1	1.0004
1	1.7875
1	3.0599
1	6.211
1	7.3459
1	7.8112
1	5.9555
1	4.06
1	2.3488
1	1.2135
1	0.6358
1	0.2546
1	0.2045
1	0.1868
1	0.1993
1	0.222
1	0.2595
1	0.3114
1	0.373
1	0.4551
1	0.461
1	0.4374
1	0.3589
1	0.319
1	0.2884
1	0.2665
1	0.2514
1	0.2375
1	0.2341
1	0.2313
1	0.2203
1	0.2151
1	0.2079
1	0.1996
1	0.1899
1	0.1784
1	0.1769
1	0.181
1	0.2108
1	0.2426
1	0.2874
1	0.3378
1	0.379
1	0.3848
1	0.349
1	0.3145
1	0.2859
1	0.3001
1	0.3586
1	0.507
1	0.8405
1	2.9644
1	5.0976
1	7.3555
1	10.0743
1	10.0913
1	9.0767
1	7.1289
1	4.6431
1	1.2919
1	0.6905
1	0.4291
1	0.2734
1	0.2667
1	0.2853
1	0.3169
1	0.36
1	0.4269
1	0.4296
1	0.4069
1	0.3353
1	0.3151
1	0.3143
1	0.3284
1	0.3664
1	0.5334
1	0.6701
1	0.8124
1	0.9877
1	0.9636
1	0.8806
1	0.8016
1	0.7583
1	0.8111
1	0.9249
1	1.1102
1	1.601
1	1.7714
1	1.7763
1	1.6426
1	1.4111
1	0.9989
1	0.9136
1	0.9148
1	1.5958
1	2.6463
1	4.5494
1	7.2016
1	9.8157
1	12.7413
1	13.0402
1	12.6204
1	8.7857
1	5.6579
1	3.0135
1	1.5533
1	0.8608
1	0.455
1	0.4405
1	0.4897
1	0.7492
1	0.9149
1	1.0353
1	1.0391
1	0.9594
1	0.6083
1	0.4582
1	0.3609
1	0.2622
1	0.2448
1	0.2368
1	0.2337
1	0.232
1	0.2354
1	0.2452
1	0.2588
1	0.321
1	0.3821
1	0.4794
1	0.6053
1	0.7537
1	0.9414
1	0.909
1	0.829
1	0.712
1	0.76
1	0.9273
1	1.3601
1	2.2408
1	6.1193
1	8.5693
1	10.6511
1	12.4149
1	12.0923
1	11.0556
1	8.8431
1	6.0272
1	1.6712
1	0.8583
1	0.516
1	0.3232
1	0.317
1	0.3497
1	0.4055
1	0.5011
1	0.6953
1	0.738
1	0.7494
1	0.6485
1	0.5826
1	0.5313
1	0.4954
1	0.4886
1	0.5235
1	0.5589
1	0.5946
1	0.6224
1	0.6075
1	0.575
1	0.533
1	0.4956
1	0.4268
1	0.3931
1	0.3634
1	0.31
1	0.2878
1	0.2684
1	0.256
1	0.246
1	0.2327
1	0.2256
1	0.2162
1	0.1954
1	0.1859
1	0.1776
1	0.1713
1	0.1667
1	0.1609
1	0.1593
1	0.1592
1	0.1584
1	0.1577
1	0.1551
1	0.1524
1	0.1502
1	0.1504
1	0.153
1	0.1585
1	0.1724
1	0.1775
1	0.1808
1	0.1798
1	0.1766
1	0.1622
1	0.1571
1	0.1562
1	0.1695
1	0.1879
1	0.2201
1	0.2696
1	0.3456
1	0.5506
1	0.6691
1	0.7672
1	0.7858
1	0.7026
1	0.5713
1	0.4369
1	0.3245
1	0.1915
1	0.1585
1	0.139
1	0.1247
1	0.1242
1	0.1275
1	0.1364
1	0.1558
1	0.2737
1	0.415
1	0.6627
1	1.489
1	1.9068
1	2.1524
1	2.1027
1	1.7434
1	0.8649
1	0.564
1	0.3736
1	0.2202
1	0.1946
1	0.1846
1	0.1848
1	0.1906
1	0.2137
1	0.2235
1	0.2298
1	0.2181
1	0.2066
1	0.1944
1	0.1835
1	0.1764
1	0.1708
1	0.17
1	0.1707
1	0.1701
1	0.1684
1	0.1662
1	0.1631
1	0.16
1	0.1551
1	0.1537
1	0.1525
1	0.1537
1	0.1551
1	0.1567
1	0.1581
1	0.1615
1	0.168
1	0.1712
1	0.1756
1	0.1784
1	0.1786
1	0.1797
1	0.1818
1	0.1844
1	0.1918
1	0.1968
1	0.2031
1	0.2186
1	0.2298
1	0.2419
1	0.2551
1	0.2661
1	0.2753
1	0.268
1	0.2534
1	0.2099
1	0.1883
1	0.1706
1	0.1593
1	0.153
1	0.1572
1	0.1696
1	0.1928
1	0.288
1	0.3617
1	0.4575
1	0.5417
1	0.5965
1	0.5387
1	0.4554
1	0.3706
1	0.25
1	0.2187
2	0.3587
2	0.3272
2	0.2957
2	0.2688
2	0.2477
2	0.2318
2	0.2217
2	0.2167
2	0.2171
2	0.2244
2	0.2369
2	0.2533
2	0.2724
2	0.2926
2	0.3082
2	0.3149
2	0.3113
2	0.295
2	0.2709
2	0.2445
2	0.2207
2	0.2007
2	0.187
2	0.1785
2	0.1744
2	0.1742
2	0.1766
2	0.1805
2	0.1854
2	0.1873
2	0.1856
2	0.18
2	0.1708
2	0.1604
2	0.1528
2	0.1481
2	0.1468
2	0.1502
2	0.162
2	0.1866
2	0.2367
2	0.3273
2	0.4905
2	0.7438
2	1.0969
2	1.4782
2	1.8098
2	1.9225
2	1.7697
2	1.4424
2	1.0602
2	0.75
2	0.5186
2	0.3773
2	0.2902
2	0.2431
2	0.2159
2	0.2031
2	0.1962
2	0.1932
2	0.1918
2	0.1912
2	0.1898
2	0.1877
2	0.1842
2	0.1805
2	0.1754
2	0.1719
2	0.169
2	0.1697
2	0.172
2	0.1767
2	0.1822
2	0.1875
2	0.1915
2	0.1955
2	0.1999
2	0.2042
2	0.2107
2	0.2201
2	0.2329
2	0.248
2	0.2648
2	0.2807
2	0.2983
2	0.3104
2	0.3218
2	0.3247
2	0.3271
2	0.324
2	0.3207
2	0.313
2	0.3067
2	0.2954
2	0.2813
2	0.2608
2	0.2402
2	0.2196
2	0.2018
2	0.1882
2	0.1804
2	0.1768
2	0.1763
2	0.1794
2	0.1862
2	0.1954
2	0.2056
2	0.2134
2	0.2181
2	0.2151
2	0.2049
2	0.1926
2	0.1831
2	0.1779
2	0.1795
2	0.1952
2	0.2367
2	0.3288
2	0.5373
2	0.956
2	1.7927
2	3.061
2	4.5548
2	5.7
2	6.0988
2	5.5689
2	4.2191
2	2.7558
2	1.5021
2	0.8344
2	0.4817
2	0.3315
2	0.2579
2	0.2378
2	0.2408
2	0.2701
2	0.3208
2	0.3969
2	0.4819
2	0.5531
2	0.5826
2	0.5491
2	0.473
2	0.3855
2	0.3075
2	0.2551
2	0.2248
2	0.2099
2	0.2082
2	0.2167
2	0.2341
2	0.2626
2	0.2946
2	0.3313
2	0.3605
2	0.3757
2	0.3769
2	0.3633
2	0.3449
2	0.328
2	0.3111
2	0.295
2	0.2831
2	0.2728
2	0.259
2	0.2458
2	0.2354
2	0.2294
2	0.2258
2	0.2245
2	0.2246
2	0.2232
2	0.2213
2	0.218
2	0.2149
2	0.214
2	0.2147
2	0.2156
2	0.2185
2	0.2238
2	0.2303
2	0.2374
2	0.2421
2	0.2442
2	0.2413
2	0.2337
2	0.2226
2	0.2099
2	0.1999
2	0.1915
2	0.1876
2	0.1862
2	0.1888
2	0.1957
2	0.2053
2	0.2174
2	0.2276
2	0.2337
2	0.2329
2	0.2274
2	0.219
2	0.2117
2	0.209
2	0.213
2	0.2287
2	0.2649
2	0.3394
2	0.4777
2	0.7104
2	1.1035
2	1.6721
2	2.3911
2	3.097
2	3.6166
2	3.6801
2	3.2439
2	2.534
2	1.7468
2	1.1359
2	0.7182
2	0.4884
2	0.359
2	0.294
2	0.2633
2	0.2554
2	0.2653
2	0.2889
2	0.3284
2	0.3809
2	0.4498
2	0.5226
2	0.5988
2	0.6644
2	0.7106
2	0.7358
2	0.7476
2	0.7348
2	0.6926
2	0.6281
2	0.5392
2	0.4449
2	0.3616
2	0.2986
2	0.2552
2	0.2308
2	0.2215
2	0.2264
2	0.247
2	0.291
2	0.3692
2	0.4887
2	0.6753
2	0.9083
2	1.1645
2	1.3558
2	1.4435
2	1.3837
2	1.213
2	0.9766
2	0.7495
2	0.5624
2	0.4241
2	0.3312
2	0.274
2	0.2396
2	0.2184
2	0.2068
2	0.1994
2	0.1984
2	0.2001
2	0.2022
2	0.2044
2	0.2058
2	0.206
2	0.2058
2	0.2052
2	0.2048
2	0.2061
2	0.2087
2	0.2122
2	0.2171
2	0.2234
2	0.2303
2	0.2383
2	0.2443
2	0.2479
2	0.2511
2	0.2529
2	0.2538
2	0.2524
2	0.2517
2	0.2475
2	0.2458
2	0.2455
2	0.2482
2	0.2535
2	0.2604
2	0.2691
2	0.2811
2	0.2942
2	0.3046
2	0.3076
2	0.306
2	0.2943
2	0.2798
2	0.2672
2	0.2637
2	0.2692
2	0.2857
2	0.3212
2	0.378
2	0.4546
2	0.5439
2	0.6308
2	0.6808
2	0.6672
2	0.6001
2	0.5126
2	0.442
2	0.3984
2	0.3954
2	0.4427
2	0.6017
2	0.9816
2	1.8759
2	3.677
2	6.6408
2	10.0175
2	12.7123
2	14.1904
2	14.4653
2	13.4995
2	11.0302
2	7.6457
2	4.299
2	2.1865
2	1.122
2	0.6568
2	0.4485
2	0.379
2	0.3697
2	0.4112
2	0.4947
2	0.6154
2	0.7587
2	0.8833
2	0.9733
2	0.9779
2	0.9464
2	0.8527
2	0.7808
2	0.7205
2	0.6937
2	0.6767
2	0.6862
2	0.6883
2	0.6827
2	0.6519
2	0.5966
2	0.5243
2	0.4437
2	0.3697
2	0.3121
2	0.2714
2	0.2469
2	0.231
2	0.2228
2	0.2193
2	0.2168
2	0.2161
2	0.2131
2	0.2127
2	0.2119
2	0.2175
2	0.2282
2	0.2448
2	0.2622
2	0.2815
2	0.299
2	0.3097
2	0.3084
2	0.2983
2	0.281
2	0.2587
2	0.2406
2	0.2264
2	0.2208
2	0.2206
2	0.2298
2	0.2532
2	0.2873
2	0.3293
2	0.3742
2	0.4135
2	0.4336
2	0.4382
2	0.4261
2	0.4145
2	0.4174
2	0.4423
2	0.5193
2	0.6768
2	1.015
2	1.5914
2	2.5986
2	4.0373
2	5.668
2	7.0552
2	7.8165
2	7.556
2	6.3183
2	4.7074
2	3.0562
2	1.8414
2	1.1152
2	0.7459
2	0.5566
2	0.4653
2	0.4267
2	0.4278
2	0.445
2	0.4571
2	0.4672
2	0.4733
2	0.4849
2	0.5098
2	0.5687
2	0.6883
2	0.9959
2	1.5855
2	2.9075
2	5.1431
2	8.3491
2	11.3452
2	13.5536
2	14.3958
2	13.8208
2	11.945
2	8.9612
2	5.6627
2	3.0496
2	1.5991
2	0.9312
2	0.6412
2	0.4901
2	0.4327
2	0.4042
2	0.4028
2	0.3946
2	0.381
2	0.3728
2	0.3713
2	0.4001
2	0.4518
2	0.5727
2	0.8041
2	1.31
2	2.3016
2	4.1623
2	7.1333
2	10.4011
2	13.3627
2	15.0636
2	15.6239
2	14.56
2	12.004
2	7.8623
2	3.9493
2	1.7247
2	0.7822
2	0.4257
2	0.2958
2	0.2609
2	0.2712
2	0.3401
2	0.4832
2	0.7496
2	1.1709
2	1.773
2	2.5614
2	3.2611
2	3.6818
2	3.7479
2	3.54
2	3.0914
2	2.4968
2	1.9276
2	1.4369
2	1.0149
2	0.7211
2	0.5164
2	0.3957
2	0.3212
2	0.2792
2	0.2606
2	0.2655
2	0.2986
2	0.3788
2	0.5256
2	0.8042
2	1.3129
2	2.1483
2	3.2053
2	4.3311
2	5.2559
2	5.8811
2	5.9342
2	5.3889
2	4.305
2	3.019
2	1.8983
2	1.1041
2	0.6655
2	0.4356
2	0.3161
2	0.2548
2	0.2252
2	0.2111
2	0.2125
2	0.2205
2	0.2378
2	0.2609
2	0.2844
2	0.3052
2	0.3175
2	0.3177
2	0.3085
2	0.2888
2	0.2677
2	0.2457
2	0.2289
2	0.2189
2	0.2243
2	0.2413
2	0.2761
2	0.3404
2	0.4507
2	0.6195
2	0.8456
2	1.0931
2	1.2745
2	1.2946
2	1.1888
2	1.0235
2	0.8771
2	0.7736
2	0.7695
2	0.9036
2	1.3462
2	2.4076
2	4.6937
2	8.6706
2	13.1162
2	16.4621
2	18.2555
2	18.9798
2	18.7957
2	17.6035
2	14.8512
2	10.2126
2	5.4164
2	2.4309
2	1.1177
2	0.6088
2	0.4201
2	0.3651
2	0.3752
2	0.4507
2	0.5838
2	0.7951
2	1.0523
2	1.2952
2	1.4205
2	1.4072
2	1.2852
2	1.098
2	0.9139
2	0.7781
2	0.677
2	0.6302
2	0.6147
2	0.6223
2	0.6249
2	0.6259
2	0.6108
2	0.5844
2	0.5432
2	0.4974
2	0.4578
2	0.4296
2	0.4109
2	0.4019
2	0.3979
2	0.3965
2	0.3958
2	0.3872
2	0.3728
2	0.3573
2	0.3402
2	0.3319
2	0.3216
2	0.3114
2	0.2951
2	0.2772
2	0.2569
2	0.2377
2	0.2223
2	0.2099
2	0.204
2	0.199
2	0.1957
2	0.1921
2	0.188
2	0.182
2	0.1738
2	0.1658
2	0.1582
2	0.1529
2	0.1503
2	0.1503
2	0.1528
2	0.1599
2	0.1719
2	0.19
2	0.2111
2	0.2356
2	0.2565
2	0.2732
2	0.2802
2	0.2774
2	0.273
2	0.2694
2	0.276
2	0.2932
2	0.3303
2	0.3936
2	0.4968
2	0.6523
2	0.8675
2	1.1416
2	1.4126
2	1.5806
2	1.5715
2	1.3807
2	1.0877
2	0.7855
2	0.5555
2	0.3993
2	0.3092
2	0.2553
2	0.2298
2	0.2186
2	0.2225
2	0.235
2	0.2541
2	0.2765
2	0.2982
2	0.3141
2	0.316
2	0.3031
2	0.2785
2	0.2508
2	0.2235
2	0.201
2	0.1845
2	0.1742
2	0.1683
2	0.1655
2	0.1657
2	0.1685
2	0.1731
2	0.1796
2	0.1853
2	0.1907
2	0.1926
2	0.1936
2	0.1912
2	0.1884
2	0.1853
2	0.1831
2	0.1815
2	0.182
2	0.1838
2	0.1877
2	0.1932
2	0.198
2	0.2001
2	0.198
2	0.1897
2	0.1769
2	0.1658
2	0.1575
2	0.1528
2	0.1515
2	0.1582
2	0.1756
2	0.2136
2	0.2908
2	0.436
2	0.6977
2	1.1009
2	1.6302
2	2.148
2	2.4811
2	2.3693
2	1.9569
2	1.3871
2	0.8992
2	0.5654
2	0.374
2	0.2688
2	0.2133
2	0.1861
2	0.174
2	0.1728
2	0.1777
2	0.1884
2	0.204
2	0.2214
2	0.2382
2	0.2458
2	0.2424
2	0.2267
2	0.2054
2	0.1845
2	0.1672
2	0.1559
2	0.1494
2	0.1478
2	0.1486
2	0.1514
2	0.1555
2	0.16
2	0.1646
2	0.1659
2	0.1647
2	0.1599
2	0.154
2	0.147
2	0.142
2	0.1393
2	0.1396
2	0.1424
2	0.1512
2	0.1701
2	0.2085
2	0.2788
2	0.409
2	0.6286
2	0.9693
2	1.3778
2	1.7869
2	2.0748
2	2.0704
2	1.8313
2	1.4302
2	1.0447
2	0.7348
2	0.522
2	0.3884
2	0.3098
2	0.2649
2	0.2404
2	0.227
2	0.2176
2	0.2086
2	0.2011
2	0.1938
2	0.1879
2	0.1803
2	0.1747
2	0.17
2	0.1675
2	0.1667
2	0.1668
2	0.1689
2	0.1701
2	0.1699
2	0.1669
2	0.1624
2	0.1568
2	0.1522
2	0.1493
2	0.1477
2	0.1483
2	0.1507
2	0.1548
2	0.1597
2	0.1645
2	0.1669
2	0.1656
2	0.1605
2	0.1521
2	0.1434
2	0.1376
2	0.1342
2	0.1338
2	0.1382
2	0.1507
2	0.1784
2	0.2359
2	0.3489
2	0.5695
2	0.9401
2	1.4755
2	2.0492
2	2.5011
2	2.5447
2	2.1926
2	1.6394
2	1.0964
2	0.6958
2	0.4479
2	0.3137
2	0.2415
2	0.2057
2	0.1886
2	0.1821
2	0.1822
2	0.1856
2	0.1925
2	0.1969
2	0.2022
2	0.2022
2	0.2
2	0.1921
2	0.1843
2	0.1757
2	0.1697
2	0.1669
2	0.1668
2	0.1697
2	0.1744
2	0.1802
2	0.1853
2	0.1911
2	0.1954
2	0.1976
2	0.1998
2	0.2027
2	0.2064
2	0.2097
2	0.2154
2	0.2206
2	0.2287
2	0.2362
2	0.2431
2	0.2479
2	0.2557
2	0.2639
2	0.2731
2	0.2841
2	0.2981
2	0.3134
2	0.3237
2	0.3282
2	0.3292
2	0.3238
2	0.3167
2	0.3085
2	0.3043
2	0.3017
2	0.3063
2	0.3204
2	0.3409
2	0.3707
2	0.4085
2	0.4542
2	0.4978
2	0.526
2	0.5418
2	0.5418
2	0.523
2	0.4876
2	0.454
2	0.424
2	0.4042
2	0.4021
2	0.4162
2	0.4553
2	0.5194
2	0.6128
2	0.7277
2	0.8555
2	0.9545
2	0.98
2	0.9248
2	0.7877
2	0.6373
2	0.5042
2	0.4218
2	0.3746
2	0.3641
2	0.3899
2	0.4606
2	0.5837
2	0.7854
2	1.0569
2	1.3432
2	1.5573
2	1.6119
2	1.5329
2	1.408
2	1.2859
2	1.2853
2	1.4462
2	1.9165
2	3.0258
2	5.1476
2	8.529
2	12.3523
2	15.4793
2	17.3727
2	18.3041
2	18.3919
2	17.5626
2	15.585
2	11.8197
2	7.4076
2	3.6998
2	1.7706
2	0.8926
2	0.544
2	0.4129
2	0.3757
2	0.3951
2	0.4591
2	0.5709
2	0.7248
2	0.8901
2	1.0173
2	1.0819
2	1.042
2	0.9566
2	0.8286
2	0.743
2	0.6543
2	0.6178
2	0.601
2	0.6166
2	0.6259
2	0.6528
2	0.6514
2	0.6471
2	0.6142
2	0.5751
2	0.5291
2	0.4895
2	0.4557
2	0.4272
2	0.4002
2	0.3805
2	0.3603
2	0.3396
2	0.3179
2	0.2979
2	0.2819
2	0.271
2	0.2627
2	0.2566
2	0.2495
2	0.2413
2	0.2317
2	0.2212
2	0.212
2	0.2052
2	0.2015
2	0.1996
2	0.199
2	0.1992
2	0.2008
2	0.2015
2	0.2024
2	0.1998
2	0.1978
2	0.1945
2	0.192
2	0.1909
2	0.193
2	0.1999
2	0.2124
2	0.2332
2	0.2624
2	0.3028
2	0.3499
2	0.3964
2	0.431
2	0.4334
2	0.4094
2	0.3628
2	0.3107
2	0.26
2	0.2227
2	0.1962
2	0.1823
2	0.1765
2	0.1792
2	0.1893
2	0.2072
2	0.2335
2	0.2619
2	0.289
2	0.3064
2	0.3101
2	0.3006
2	0.2877
2	0.2823
2	0.2852
2	0.3097
2	0.3697
2	0.5041
2	0.7791
2	1.3082
2	2.2643
2	3.7717
2	5.5501
2	7.0528
2	7.8119
2	7.6548
2	6.5813
2	5.0148
2	3.4117
2	2.1269
2	1.3341
2	0.8955
2	0.6679
2	0.5636
2	0.5376
2	0.5462
2	0.5874
2	0.6233
2	0.6485
2	0.6346
2	0.5868
2	0.5216
2	0.4581
2	0.396
2	0.3442
2	0.3073
2	0.2848
2	0.2685
2	0.2567
2	0.2444
2	0.2288
2	0.2115
2	0.1939
2	0.1823
2	0.175
2	0.1738
2	0.1798
2	0.2005
2	0.2433
2	0.3339
2	0.5116
2	0.8299
2	1.376
2	2.1323
2	2.9751
2	3.5387
2	3.6823
2	3.1886
2	2.4463
2	1.6442
2	1.066
2	0.6722
2	0.4578
2	0.3447
2	0.2883
2	0.2634
2	0.2607
2	0.2683
2	0.2854
2	0.3054
2	0.328
2	0.3397
2	0.3416
2	0.3256
2	0.2995
2	0.2695
2	0.2442
2	0.2224
2	0.2088
2	0.2009
2	0.1985
2	0.1984
2	0.2018
2	0.2047
2	0.2107
2	0.2161
2	0.2226
2	0.2295
2	0.2361
2	0.2424
2	0.2475
2	0.2511
2	0.2522
2	0.2546
2	0.2569
2	0.2595
2	0.2649
2	0.2736
2	0.2876
2	0.3084
2	0.3356
2	0.3708
2	0.4079
2	0.4435
2	0.4748
2	0.4954
2	0.4994
2	0.4877
2	0.4663
2	0.4357
2	0.4033
2	0.3729
2	0.348
2	0.3272
2	0.3128
2	0.301
2	0.2916
2	0.2862
2	0.2841
2	0.2815
2	0.2799
2	0.2788
2	0.2789
2	0.2799
2	0.2827
2	0.2902
2	0.301
2	0.3136
2	0.3287
2	0.3508
2	0.3781
2	0.4143
2	0.4533
2	0.4956
2	0.5307
2	0.5698
2	0.5984
2	0.622
2	0.653
2	0.7053
2	0.7575
2	0.8391
2	0.9508
2	1.1036
2	1.3039
2	1.5531
2	1.815
2	2.0682
2	2.2416
2	2.401
2	2.5691
2	2.8082
2	3.2665
2	3.9858
2	5.2024
2	6.9501
2	9.1788
2	11.4789
2	13.4404
2	14.9848
2	15.7833
2	15.997
2	15.4711
2	14.2979
2	12.1122
2	9.2541
2	6.1513
2	3.7121
2	2.1395
2	1.2835
2	0.8533
2	0.6279
2	0.5314
2	0.4893
2	0.4952
2	0.5279
2	0.5869
2	0.6571
2	0.7171
2	0.7645
2	0.7901
2	0.7964
2	0.7805
2	0.7517
2	0.7239
2	0.6966
2	0.6737
2	0.6535
2	0.6264
2	0.594
2	0.5531
2	0.5136
2	0.47
2	0.4342
2	0.4073
2	0.3937
2	0.3887
2	0.3844
2	0.3809
2	0.3811
2	0.3813
2	0.3765
2	0.3691
2	0.3585
2	0.3469
2	0.3355
2	0.3245
2	0.3134
2	0.2982
2	0.2741
2	0.2478
2	0.2195
2	0.1965
2	0.1774
2	0.1654
2	0.159
2	0.156
2	0.1557
2	0.1584
2	0.1641
2	0.1692
2	0.1718
2	0.1717
2	0.1655
2	0.1567
2	0.1473
2	0.1399
2	0.1356
2	0.134
2	0.1385
2	0.1498
2	0.1768
2	0.2269
2	0.3305
2	0.5112
2	0.8194
2	1.2613
2	1.7643
2	2.1535
2	2.1829
2	1.9269
2	1.4327
2	0.9516
2	0.5957
2	0.382
2	0.2648
2	0.2015
2	0.171
2	0.1558
2	0.152
2	0.1538
2	0.16
2	0.1707
2	0.1845
2	0.2004
2	0.2136
2	0.2195
2	0.2141
2	0.1978
2	0.1822
2	0.1673
2	0.1598
2	0.1578
2	0.1617
2	0.1735
2	0.1957
2	0.234
2	0.2918
2	0.3768
2	0.4816
2	0.5842
2	0.6488
2	0.6557
2	0.5934
2	0.5002
2	0.3988
2	0.3142
2	0.251
2	0.2083
2	0.1816
2	0.1656
2	0.157
2	0.1516
2	0.1494
2	0.1471
2	0.1457
2	0.1426
2	0.1414
2	0.141
2	0.1442
2	0.1508
2	0.1665
2	0.2011
2	0.2718
2	0.4123
2	0.6904
2	1.1976
2	1.9623
2	2.8221
2	3.5654
2	3.8084
2	3.4737
2	2.7073
2	1.8849
2	1.1956
2	0.7586
2	0.506
2	0.37
2	0.2945
2	0.2514
2	0.2305
2	0.2187
2	0.2124
2	0.2103
2	0.2096
2	0.21
2	0.2074
2	0.2039
2	0.1997
2	0.1936
2	0.1869
2	0.181
2	0.175
2	0.1687
2	0.1631
2	0.1574
2	0.1528
2	0.1508
2	0.1506
2	0.1523
2	0.1548
2	0.1594
2	0.166
2	0.173
2	0.1791
2	0.1832
2	0.1822
2	0.1766
2	0.1706
2	0.1663
2	0.1654
2	0.169
2	0.1857
2	0.2257
2	0.3129
2	0.4973
2	0.8673
2	1.5694
2	2.6029
2	3.8463
2	4.8949
2	5.3662
2	4.9939
2	3.9404
2	2.7072
2	1.573
2	0.9129
2	0.5321
2	0.3559
2	0.2618
2	0.2214
2	0.2017
2	0.1975
2	0.2003
2	0.2083
2	0.2185
2	0.227
2	0.2338
2	0.2337
2	0.23
2	0.224
2	0.2161
2	0.2096
2	0.2057
2	0.2048
2	0.2072
2	0.2117
2	0.2173
2	0.2277
2	0.2391
2	0.2502
2	0.2601
2	0.2687
2	0.273
2	0.2691
2	0.2596
2	0.2435
2	0.2235
2	0.2043
2	0.1887
2	0.1774
2	0.1718
2	0.1746
2	0.1869
2	0.2189
2	0.2787
2	0.3872
2	0.5759
2	0.859
2	1.2553
2	1.6534
2	1.9808
2	2.0017
2	1.7694
2	1.3348
2	0.9184
2	0.5923
2	0.3944
2	0.2824
2	0.2203
2	0.1879
2	0.1719
2	0.1668
2	0.169
2	0.1761
2	0.186
2	0.196
2	0.205
2	0.2069
2	0.2027
2	0.195
2	0.1856
2	0.1781
2	0.1728
2	0.173
2	0.1776
2	0.1846
2	0.1936
2	0.203
2	0.2089
2	0.2084
2	0.202
2	0.1907
2	0.1798
2	0.1708
2	0.1668
2	0.1667
2	0.1723
2	0.1823
2	0.1975
2	0.2178
2	0.2388
2	0.2563
2	0.2627
2	0.2538
2	0.2325
2	0.2101
2	0.1919
2	0.1789
2	0.1742
2	0.1812
2	0.2081
2	0.2688
2	0.4059
2	0.6791
2	1.222
2	2.0829
2	3.1794
2	4.1752
2	4.7046
2	4.4026
2	3.362
2	2.2426
2	1.2946
2	0.7397
2	0.4363
2	0.2981
2	0.23
2	0.203
2	0.1932
2	0.1985
2	0.2096
2	0.2296
2	0.2481
2	0.2683
2	0.277
2	0.278
2	0.2688
2	0.2564
2	0.2417
2	0.2324
2	0.2269
2	0.2258
2	0.2268
2	0.2266
2	0.2214
2	0.2122
2	0.198
2	0.1848
2	0.1754
2	0.1688
2	0.1685
2	0.1738
2	0.1895
2	0.2179
2	0.265
2	0.3349
2	0.4394
2	0.5641
2	0.6928
2	0.7779
2	0.804
2	0.7617
2	0.6676
2	0.5471
2	0.4285
2	0.3265
2	0.2546
2	0.2085
2	0.1812
2	0.1665
2	0.1597
2	0.1591
2	0.1635
2	0.1746
2	0.1922
2	0.2158
2	0.2458
2	0.2793
2	0.311
2	0.3331
2	0.3414
2	0.3346
2	0.3145
2	0.2865
2	0.2585
2	0.2361
2	0.218
3	0.1294
3	0.1327
3	0.1359
3	0.1433
3	0.1474
3	0.1536
3	0.179
3	0.2045
3	0.2494
3	0.3211
3	0.4307
3	0.7594
3	0.9349
3	1.0427
3	0.9673
3	0.7989
3	0.6131
3	0.451
3	0.3311
3	0.2043
3	0.1762
3	0.1622
3	0.1572
3	0.1626
3	0.1733
3	0.187
3	0.1995
3	0.2096
3	0.2026
3	0.1867
3	0.1523
3	0.1408
3	0.1337
3	0.1298
3	0.1287
3	0.1322
3	0.1362
3	0.1408
3	0.1451
3	0.1428
3	0.1381
3	0.1324
3	0.1285
3	0.1263
3	0.1297
3	0.1395
3	0.2108
3	0.3129
3	0.5246
3	0.9052
3	1.4703
3	2.5655
3	2.6783
3	2.3125
3	1.1384
3	0.7085
3	0.4488
3	0.3079
3	0.2366
3	0.1857
3	0.1812
3	0.185
3	0.2007
3	0.208
3	0.2099
3	0.2026
3	0.1883
3	0.1559
3	0.1432
3	0.1344
3	0.128
3	0.129
3	0.132
3	0.1363
3	0.1417
3	0.1516
3	0.1532
3	0.1517
3	0.1434
3	0.1398
3	0.1379
3	0.1383
3	0.1411
3	0.1641
3	0.192
3	0.2382
3	0.4542
3	0.6638
3	0.9241
3	1.1944
3	1.3815
3	1.2684
3	1.0351
3	0.7836
3	0.4232
3	0.3232
3	0.2636
3	0.2253
3	0.2036
3	0.1858
3	0.1842
3	0.1852
3	0.1899
3	0.191
3	0.1901
3	0.1874
3	0.1834
3	0.1732
3	0.1689
3	0.1662
3	0.1625
3	0.162
3	0.163
3	0.1638
3	0.1653
3	0.1691
3	0.1721
3	0.1745
3	0.1784
3	0.181
3	0.1838
3	0.189
3	0.1985
3	0.2472
3	0.3065
3	0.4193
3	0.9499
3	1.4275
3	2.0423
3	2.6719
3	3.1406
3	3.0067
3	2.4702
3	1.8139
3	0.8627
3	0.608
3	0.4601
3	0.3729
3	0.3243
3	0.2834
3	0.2751
3	0.267
3	0.248
3	0.238
3	0.2291
3	0.225
3	0.228
3	0.2602
3	0.2966
3	0.3508
3	0.4867
3	0.5403
3	0.5508
3	0.5229
3	0.468
3	0.3836
3	0.3727
3	0.3997
3	0.6853
3	1.0632
3	1.7711
3	2.8392
3	4.1044
3	5.9525
3	5.9932
3	5.2951
3	2.6755
3	1.5836
3	0.9079
3	0.5529
3	0.3819
3	0.2692
3	0.2668
3	0.2879
3	0.3844
3	0.4469
3	0.51
3	0.5534
3	0.5647
3	0.5098
3	0.4711
3	0.4377
3	0.3968
3	0.3921
3	0.3903
3	0.3896
3	0.3849
3	0.3677
3	0.3524
3	0.3302
3	0.2896
3	0.2767
3	0.2681
3	0.2615
3	0.2559
3	0.2419
3	0.2315
3	0.2204
3	0.2049
3	0.2008
3	0.1986
3	0.1983
3	0.2006
3	0.2075
3	0.213
3	0.2171
3	0.2211
3	0.2204
3	0.2161
3	0.21
3	0.2072
3	0.2113
3	0.219
3	0.234
3	0.2753
3	0.2935
3	0.3058
3	0.3044
3	0.289
3	0.2388
3	0.2241
3	0.2199
3	0.2742
3	0.3814
3	0.6194
3	1.1629
3	2.1903
3	5.6969
3	7.2408
3	7.9619
3	6.9293
3	5.2026
3	3.3755
3	1.868
3	1.0359
3	0.4093
3	0.3168
3	0.2903
3	0.322
3	0.3665
3	0.4256
3	0.4734
3	0.5013
3	0.4485
3	0.394
3	0.3425
3	0.2887
3	0.2887
3	0.3041
3	0.3398
3	0.3924
3	0.5284
3	0.5823
3	0.6157
3	0.5611
3	0.4915
3	0.4232
3	0.3682
3	0.3274
3	0.2709
3	0.2526
3	0.2347
3	0.2099
3	0.2017
3	0.1997
3	0.1999
3	0.2024
3	0.2078
3	0.2102
3	0.2112
3	0.209
3	0.2054
3	0.2021
3	0.1979
3	0.1968
3	0.2074
3	0.2229
3	0.2489
3	0.3407
3	0.4133
3	0.4998
3	0.6065
3	0.7043
3	0.8492
3	0.8561
3	0.8219
3	0.6675
3	0.5759
3	0.4936
3	0.4155
3	0.3487
3	0.2605
3	0.2355
3	0.2197
3	0.2121
3	0.217
3	0.2295
3	0.2469
3	0.2701
3	0.3182
3	0.3323
3	0.3358
3	0.3201
3	0.3151
3	0.3182
3	0.3415
3	0.3984
3	0.7649
3	1.1918
3	1.9349
3	4.4039
3	5.6268
3	6.3535
3	6.2523
3	5.2894
3	2.3278
3	1.2543
3	0.6457
3	0.2704
3	0.2254
3	0.21
3	0.2211
3	0.2488
3	0.3689
3	0.4453
3	0.49
3	0.4246
3	0.3644
3	0.315
3	0.2913
3	0.3028
3	0.5661
3	1.0867
3	2.2798
3	7.5163
3	10.0658
3	11.5136
3	11.9793
3	11.5885
3	7.7993
3	4.9719
3	2.7204
3	0.8267
3	0.5598
3	0.4428
3	0.4238
3	0.4554
3	0.7042
3	0.8991
3	1.0523
3	1.0816
3	0.9393
3	0.7576
3	0.5878
3	0.4633
3	0.3102
3	0.273
3	0.2497
3	0.2346
3	0.2376
3	0.2412
3	0.2516
3	0.2556
3	0.2708
3	0.2809
3	0.2889
3	0.275
3	0.2559
3	0.2374
3	0.225
3	0.222
3	0.262
3	0.328
3	0.4406
3	0.7892
3	0.9295
3	0.9112
3	0.8034
3	0.6421
3	0.4374
3	0.4266
3	0.4676
3	1.2007
3	2.4871
3	4.8634
3	8.2504
3	11.1229
3	13.5455
3	13.5892
3	13.0005
3	8.349
3	4.833
3	2.3422
3	1.0389
3	0.5106
3	0.2
3	0.1644
3	0.1524
3	0.1598
3	0.1815
3	0.2327
3	0.3444
3	0.5959
3	2.1752
3	3.9134
3	6.0175
3	9.2096
3	9.7632
3	9.4783
3	7.9791
3	5.7335
3	1.6992
3	0.8439
3	0.4846
3	0.2894
3	0.2952
3	0.351
3	0.4744
3	0.6525
3	1.0821
3	1.1514
3	1.0629
3	0.668
3	0.5219
3	0.4139
3	0.3461
3	0.3123
3	0.3088
3	0.3162
3	0.3283
3	0.3393
3	0.3297
3	0.3026
3	0.2746
3	0.2507
3	0.2164
3	0.2058
3	0.2004
3	0.2009
3	0.2001
3	0.2006
3	0.2027
3	0.2059
3	0.2215
3	0.2303
3	0.2348
3	0.2405
3	0.2497
3	0.2697
3	0.3085
3	0.3789
3	0.7667
3	1.2103
3	1.8809
3	3.6494
3	4.3559
3	4.659
3	4.6156
3	4.1635
3	2.5387
3	1.7788
3	1.2601
3	0.6957
3	0.5733
3	0.5198
3	0.5035
3	0.5167
3	0.5938
3	0.6337
3	0.6547
3	0.6501
3	0.6189
3	0.5788
3	0.5398
3	0.5148
3	0.4973
3	0.4994
3	0.5082
3	0.519
3	0.5107
3	0.4931
3	0.4704
3	0.438
3	0.3797
3	0.3606
3	0.3461
3	0.3288
3	0.3248
3	0.3158
3	0.3069
3	0.2965
3	0.288
3	0.2869
3	0.283
3	0.2682
3	0.2549
3	0.2403
3	0.2265
3	0.2153
3	0.2074
3	0.2103
3	0.217
3	0.2394
3	0.2511
3	0.2597
3	0.2597
3	0.2543
3	0.2238
3	0.2066
3	0.1945
3	0.1859
3	0.1882
3	0.1973
3	0.2115
3	0.2286
3	0.2517
3	0.2517
3	0.2395
3	0.206
3	0.1966
3	0.1961
3	0.2089
3	0.2475
3	0.545
3	0.9853
3	1.8676
3	5.0205
3	6.5233
3	7.3451
3	7.3492
3	6.4516
3	3.1467
3	1.8009
3	0.9995
3	0.4074
3	0.32
3	0.2839
3	0.2767
3	0.2903
3	0.3402
3	0.3588
3	0.3657
3	0.3324
3	0.3037
3	0.2754
3	0.2538
3	0.2429
3	0.2421
3	0.2449
3	0.2471
3	0.2307
3	0.212
3	0.1931
3	0.1764
3	0.1643
3	0.1557
3	0.1602
3	0.1704
3	0.2093
3	0.2343
3	0.254
3	0.2595
3	0.2529
3	0.2385
3	0.2407
3	0.2555
3	0.3925
3	0.5929
3	1.0004
3	1.7875
3	3.0599
3	6.211
3	7.3459
3	7.8112
3	5.9555
3	4.06
3	2.3488
3	1.2135
3	0.6358
3	0.2546
3	0.2045
3	0.1868
3	0.1993
3	0.222
3	0.2595
3	0.3114
3	0.373
3	0.4551
3	0.461
3	0.4374
3	0.3589
3	0.319
3	0.2884
3	0.2665
3	0.2514
3	0.2375
3	0.2341
3	0.2313
3	0.2203
3	0.2151
3	0.2079
3	0.1996
3	0.1899
3	0.1784
3	0.1769
3	0.181
3	0.2108
3	0.2426
3	0.2874
3	0.3378
3	0.379
3	0.3848
3	0.349
3	0.3145
3	0.2859
3	0.3001
3	0.3586
3	0.507
3	0.8405
3	2.9644
3	5.0976
3	7.3555
3	10.0743
3	10.0913
3	9.0767
3	7.1289
3	4.6431
3	1.2919
3	0.6905
3	0.4291
3	0.2734
3	0.2667
3	0.2853
3	0.3169
3	0.36
3	0.4269
3	0.4296
3	0.4069
3	0.3353
3	0.3151
3	0.3143
3	0.3284
3	0.3664
3	0.5334
3	0.6701
3	0.8124
3	0.9877
3	0.9636
3	0.8806
3	0.8016
3	0.7583
3	0.8111
3	0.9249
3	1.1102
3	1.601
3	1.7714
3	1.7763
3	1.6426
3	1.4111
3	0.9989
3	0.9136
3	0.9148
3	1.5958
3	2.6463
3	4.5494
3	7.2016
3	9.8157
3	12.7413
3	13.0402
3	12.6204
3	8.7857
3	5.6579
3	3.0135
3	1.5533
3	0.8608
3	0.455
3	0.4405
3	0.4897
3	0.7492
3	0.9149
3	1.0353
3	1.0391
3	0.9594
3	0.6083
3	0.4582
3	0.3609
3	0.2622
3	0.2448
3	0.2368
3	0.2337
3	0.232
3	0.2354
3	0.2452
3	0.2588
3	0.321
3	0.3821
3	0.4794
3	0.6053
3	0.7537
3	0.9414
3	0.909
3	0.829
3	0.712
3	0.76
3	0.9273
3	1.3601
3	2.2408
3	6.1193
3	8.5693
3	10.6511
3	12.4149
3	12.0923
3	11.0556
3	8.8431
3	6.0272
3	1.6712
3	0.8583
3	0.516
3	0.3232
3	0.317
3	0.3497
3	0.4055
3	0.5011
3	0.6953
3	0.738
3	0.7494
3	0.6485
3	0.5826
3	0.5313
3	0.4954
3	0.4886
3	0.5235
3	0.5589
3	0.5946
3	0.6224
3	0.6075
3	0.575
3	0.533
3	0.4956
3	0.4268
3	0.3931
3	0.3634
3	0.31
3	0.2878
3	0.2684
3	0.256
3	0.246
3	0.2327
3	0.2256
3	0.2162
3	0.1954
3	0.1859
3	0.1776
3	0.1713
3	0.1667
3	0.1609
3	0.1593
3	0.1592
3	0.1584
3	0.1577
3	0.1551
3	0.1524
3	0.1502
3	0.1504
3	0.153
3	0.1585
3	0.1724
3	0.1775
3	0.1808
3	0.1798
3	0.1766
3	0.1622
3	0.1571
3	0.1562
3	0.1695
3	0.1879
3	0.2201
3	0.2696
3	0.3456
3	0.5506
3	0.6691
3	0.7672
3	0.7858
3	0.7026
3	0.5713
3	0.4369
3	0.3245
3	0.1915
3	0.1585
3	0.139
3	0.1247
3	0.1242
3	0.1275
3	0.1364
3	0.1558
3	0.2737
3	0.415
3	0.6627
3	1.489
3	1.9068
3	2.1524
3	2.1027
3	1.7434
3	0.8649
3	0.564
3	0.3736
3	0.2202
3	0.1946
3	0.1846
3	0.1848
3	0.1906
3	0.2137
3	0.2235
3	0.2298
3	0.2181
3	0.2066
3	0.1944
3	0.1835
3	0.1764
3	0.1708
3	0.17
3	0.1707
3	0.1701
3	0.1684
3	0.1662
3	0.1631
3	0.16
3	0.1551
3	0.1537
3	0.1525
3	0.1537
3	0.1551
3	0.1567
3	0.1581
3	0.1615
3	0.168
3	0.1712
3	0.1756
3	0.1784
3	0.1786
3	0.1797
3	0.1818
3	0.1844
3	0.1918
3	0.1968
3	0.2031
3	0.2186
3	0.2298
3	0.2419
3	0.2551
3	0.2661
3	0.2753
3	0.268
3	0.2534
3	0.2099
3	0.1883
3	0.1706
3	0.1593
3	0.153
3	0.1572
3	0.1696
3	0.1928
3	0.288
3	0.3617
3	0.4575
3	0.5417
3	0.5965
3	0.5387
3	0.4554
3	0.3706
3	0.25
3	0.2187